10497
13253
8289
19407
18393
5149
15277
12585
4157
8681
7071
11374
1906
11473
14657
16785
5653
17054
498
17589
7370
8094
9575
16146
18172
15488
10409
4403
16307
18225
11245
13327
11735
18200
6192
12961
11131
4844
11365
10280
12658
17744
15556
18366
15581
13638
7880
7724
2154
19551
19374
1481
5174
9085
1304
15092
12434
209
11576
3314
14966
13977
18671
7326
16493
3792
2190
6507
4365
11971
11296
4764
17048
16777
1726
11955
962
5582
2266
7246
13577
12458
5798
11045
11817
12705
1051
1598
11470
3014
16392
15850
7342
17488
13460
1874
11804
2136
18330
3808
5735
13978
8105
1459
7831
17775
4186
13206
7920
12611
6339
11696
2792
18288
3648
14198
10853
7279
6946
6974
14681
6368
14633
18306
6535
12433
17684
6410
13874
7219
5803
11287
7620
2386
14467
16771
14333
14671
1294
7368
7258
7296
11086
647
5069
8368
6791
16006
15213
16692
4754
16158
4242
19084
2175
15090
11808
4700
7473
389
9273
219
1581
10434
19997
1812
15843
14540
9516
18102
16482
12815
16649
13696
1106
3687
18373
10165
18009
10112
5166
14721
368
4883
15025
1967
10812
12312
13090
9330
12448
9078
6504
7659
19147
15435
2894
2187
13120
12555
17431
478
12985
13024
2132
13195
17552
9963
10921
1847
2015
16754
18708
17451
6914
1778
8330
18153
7971
15484
2561
1298
2419
15708
6394
1988
5168
13694
16327
18780
5972
18018
6762
19885
10878
15491
19329
10022
18594
10258
2355
1426
8944
15007
9982
11216
17942
1988
2820
14457
17193
2063
13375
6064
9725
14620
9063
4157
7998
7465
19116
12981
18542
14805
17668
18223
6072
17020
63
13700
17403
7611
9786
3189
6886
18964
2445
10375
10679
16277
11675
9546
11103
2131
18025
14500
1251
19358
14535
9523
7805
3953
13054
662
4822
17887
11128
18636
16215
8224
7128
3503
18693
4948
7734
18900
12551
17710
15267
13847
4684
4674
12631
16752
2985
7107
12370
14225
19220
11953
8892
15924
12481
15224
16637
303
8065
19847
15271
9804
12033
19302
15083
2071
12406
9309
10039
9008
2703
12448
11234
11174
6825
16250
9459
10073
2951
2077
11615
2261
7588
14347
5081
6336
2310
16139
4784
1192
18275
4021
15813
9985
4907
6531
4531
16295
4668
2283
2582
6608
19914
17355
19905
7443
2150
963
2018
6458
9923
713
6687
5531
16075
4179
16087
17573
19224
18183
13978
1900
6898
19603
5219
19609
8925
4258
8410
18776
7849
19680
7998
1727
9730
4055
5075
11067
18701
3421
18425
15862
798
12836
12609
12019
10834
19275
19077
17452
19478
7888
19236
16485
8659
937
10363
15627
18077
19300
10478
7426
5292
8338
17407
8725
454
14720
15236
18830
7582
163
4513
1551
12998
18899
2970
19306
5009
1987
6793
3980
1619
19849
3555
2128
12303
5183
17929
15497
15719
17034
12164
4758
11609
3715
19290
3578
12786
5401
11963
9919
14131
9185
1517
13485
1536
414
17758
7758
16613
16414
6974
17894
5217
15021
12758
5625
15024
17892
1547
6276
12953
12945
4670
16359
12837
13896
2871
3595
18483
5596
14125
18603
6435
1357
43
5852
2337
10025
10859
15385
8947
7429
6688
16121
13500
10039
13126
8957
19240
18810
11325
9290
71
3552
6480
4238
13059
1778
1615
19787
4052
10774
9262
1577
4743
15694
4821
13439
2487
15931
3284
8074
13753
342
5167
1017
12883
17405
14209
4601
5025
2456
3151
2934
5817
16787
9143
16488
11648
7036
12112
12513
15503
3995
19376
8816
2442
14776
12292
1146
7611
16074
4859
2736
17933
2322
726
14328
14330
16744
17458
19760
5129
9998
17239
9790
6951
16836
10373
14029
7054
4184
3467
139
15154
724
15526
9948
12497
15210
245
11448
5856
686
510
13595
16389
355
6368
12502
11357
2799
9743
6348
19410
14195
8221
18038
3229
5785
2036
2554
7346
1879
14352
16811
9615
3334
18359
7300
16672
17230
11414
2112
1269
5907
14020
15195
14136
12834
15803
16970
13193
4658
8391
16994
6111
10193
15272
13192
8870
5824
856
14473
16329
10680
19009
3957
7787
12830
12703
16472
13459
7058
6092
2258
7017
8640
19444
4829
1724
17673
12394
2044
1765
6277
8274
11743
17728
6026
19312
17404
14280
5678
1444
14498
5623
9330
19186
5279
2843
6925
2240
340
11699
6613
16923
5816
11421
13164
4649
2196
11728
15890
5557
6226
19391
8744
10407
10327
15805
16453
8534
14776
6588
2271
17166
6480
3956
8697
19035
2241
5307
19868
13952
1172
6622
1665
1062
858
4423
18045
342
11680
16462
2730
1829
18823
5867
11530
2948
15172
11967
15227
3062
5301
14185
10045
14277
16214
13047
1547
15482
15947
18337
6329
14022
17977
3868
10712
17422
11526
5965
6310
11501
12002
15313
15022
18467
13972
13724
1277
1823
16083
15409
16800
12177
10977
15879
11780
7984
12739
14423
1072
15031
19486
2241
19709
7541
19728
15917
6754
17199
3048
2622
7340
19503
12266
10951
11575
9681
9829
12304
16128
13852
13433
4083
5712
17274
8068
15428
7365
1672
8430
11179
16118
6774
17081
16671
17566
16593
5524
11062
17058
17175
5079
12461
17710
13582
4374
7909
11054
3200
10372
2561
3056
15011
2020
13169
14013
9514
5877
8964
4218
750
16305
420
8265
468
18278
17996
8439
9666
4601
10686
6030
4451
18095
1813
4644
6126
4981
2258
6244
4448
11492
9914
3915
10550
213
6371
14163
15492
10138
3904
17184
7467
12597
16334
13685
2574
4154
15669
18534
7434
19588
12686
5105
2702
19968
6023
506
3151
8175
9116
3186
11496
7187
14465
16496
4876
8950
18563
18165
1464
16078
578
11123
6939
231
19587
6372
19044
19710
4862
13217
3196
6656
7492
12556
19734
11998
7313
17025
1512
10622
10848
9815
251
17163
13715
19785
17971
1766
3116
1911
14386
3905
11699
12519
19576
14056
16098
13760
6971
6775
18737
5661
18554
7595
6781
9124
12192
10175
16971
18721
19698
4211
7821
13370
6831
12162
7186
9322
8758
4192
17834
19962
3335
3499
16844
17646
447
13451
15566
14190
2022
9850
4045
10378
1517
19468
6513
10310
19258
13331
2891
2125
5198
11290
13342
10685
14092
1553
6050
6612
14116
5573
8645
18131
5230
12214
4879
924
7315
16443
10989
17599
12296
14219
17613
19426
10967
7166
5398
3238
275
11753
13156
5400
6326
4828
10037
10378
12743
862
12156
15486
19885
1964
15794
747
1639
174
17156
19135
13455
347
10177
1639
9797
19940
13248
15359
18468
11661
7846
15777
15496
13794
3745
12230
15939
13415
5994
13733
16414
11575
8661
15254
17184
19017
1862
6884
7656
13407
7772
17473
15212
14110
19757
15486
18243
16212
12622
19061
16237
19992
7776
10249
12074
526
11081
17072
8488
11268
1517
17735
14284
349
15214
9016
8224
755
6496
13968
19228
13207
6737
14728
13037
14455
10117
11768
19284
8832
14151
8702
8107
11404
7051
11708
15331
6138
1383
17712
17293
2348
7748
14732
2197
10569
3285
15450
15569
8500
3928
16986
4977
761
81
11401
7771
6485
1045
4897
12215
8957
8218
17352
4576
16211
14324
12078
4611
14491
3136
14682
4297
17077
687
12930
3491
8296
12710
14903
3753
13348
14030
7710
7516
9151
14871
12457
12369
15576
5469
4252
7112
6479
617
17867
8287
13766
4861
825
2745
19427
10554
18954
15343
13185
16103
356
3690
16676
4238
13440
4221
18198
2957
13438
1089
13133
1824
5031
19188
6298
5085
18917
9803
6718
4590
10201
1775
10764
2538
3519
10813
1415
14454
4597
16879
11690
19496
9401
13243
14715
5004
7196
2181
3061
15170
582
15979
10152
1346
9486
506
6514
3134
15713
9401
19850
3410
14348
1818
7454
12255
10194
13960
5705
16564
9027
12330
4660
12335
10867
8547
6029
1384
11920
15331
5702
15340
19773
1616
12052
7354
3584
815
15716
17251
17974
1236
9103
12223
15312
17673
6402
14176
1416
16946
17469
2730
15211
9556
2663
15511
14639
7463
15086
19501
15972
7699
16290
10612
10033
13851
5099
11541
18366
14534
5910
15097
856
1404
13801
18625
6430
9841
1662
4611
17206
14472
16757
15857
12895
18966
13454
777
3332
13692
14273
3928
4829
7814
8480
12755
9707
15845
10514
16937
9754
1786
1517
18633
6062
12913
8038
2952
5565
18742
1109
4802
12874
1034
3299
7151
13399
4320
2798
8795
2320
9089
18534
8383
8162
12439
1616
7844
16173
15418
7018
4267
11361
3578
12167
8190
19652
919
18872
13491
15295
11564
8344
7754
18128
12124
4426
17806
4490
11266
19879
3638
18376
16486
12437
14926
5002
16860
12115
5261
16247
19050
19967
5152
15566
13703
14910
10927
2327
4042
8433
17733
4308
10322
217
4903
6798
17931
15985
11857
1992
9127
2584
7432
5871
19757
1560
15633
15745
3855
13722
6059
16409
490
17514
8454
3595
1435
18154
16452
14083
2262
5015
619
14364
4327
1559
15341
16511
17088
17138
14037
4174
3977
2170
17817
1854
14013
9999
8919
14195
12692
162
15074
10435
14993
16379
5473
5557
5300
238
1865
12001
3096
9483
2943
17824
13621
19731
1132
9655
16327
11225
3627
17907
16439
643
18975
9244
18123
14091
161
12647
18140
1755
17293
5995
9465
7209
10277
6422
18420
15279
4191
2651
9050
19173
1887
6539
8534
14845
16318
6998
5607
13533
11977
17218
13283
1439
17056
1339
2272
12187
9309
9150
3300
13583
14835
18202
17988
14358
1923
8299
11002
13923
4071
3817
4936
10470
9687
14004
6482
15619
19268
1377
14415
2183
5978
19116
16550
13840
9514
19617
2970
10716
699
7052
4746
6022
10724
19442
12163
7984
1173
5820
17185
17031
5363
19101
8857
603
8241
560
12882
5807
9720
7661
13242
5170
7182
5306
12694
15427
1089
8587
5542
17065
16494
19769
4323
8093
15469
19429
1547
15998
1058
1760
6339
12385
16342
11457
18288
3239
11924
14320
15077
16893
8205
9782
6727
9145
8144
2090
11228
11930
8094
12807
11218
11190
10418
12946
19195
15470
6326
1238
2411
5407
19268
19279
13332
9834
11882
16940
7011
9034
2457
14794
15428
1301
8553
3383
15433
9264
6540
13044
674
13794
14207
12749
10235
16899
17016
2623
12817
17481
14100
7559
689
4919
17333
11381
17242
6592
18512
16923
5924
19275
8263
19962
5566
15129
17744
17989
5923
772
1614
3909
12031
2528
3620
6859
10327
5746
5691
9261
8234
208
1028
6323
13821
1064
7370
16423
7067
15629
283
6272
10100
6239
13920
9628
12488
16814
5497
4562
15860
14443
9846
18304
3543
18720
12784
1892
19000
801
17352
180
1425
5137
11865
8979
16648
19885
9248
4714
2598
4941
2365
14817
16723
12160
7616
667
9199
15775
10308
10345
1116
4892
7266
11864
14980
4138
8232
11868
5762
182
15771
15967
10090
10686
12995
3642
12891
12378
6786
18086
8623
19274
7670
13117
10073
11253
8656
2985
18762
9677
7420
16896
998
7078
18274
10363
4398
11205
456
3992
2601
11952
13764
10923
1721
559
16115
11318
18976
15424
613
17630
11762
19533
19052
11175
9058
8786
12373
15128
5971
5484
11690
1662
8913
9678
18299
8518
9644
3535
10947
19718
13431
10749
19939
8902
8001
9542
3317
2844
3585
4991
13770
6641
3914
3388
999
15950
6669
8277
1432
6862
19312
13102
11111
16376
14868
1696
9871
1672
10957
17163
3511
5267
4988
5943
8743
639
3326
7488
18969
9376
1112
18267
8660
1925
397
5472
3023
11272
13657
13788
3217
15514
18295
19485
17707
12436
5206
7861
11192
8116
12512
2213
2531
8490
17743
4648
491
8429
7309
4060
4335
12554
17850
13217
9426
3038
8332
8093
3367
16821
18699
9975
8621
4245
8507
9955
13806
10326
1737
19273
2089
8189
12933
10434
7876
19820
15793
14612
7732
9526
18126
459
1204
5142
10406
2451
19656
2242
11678
13791
13223
12199
424
10370
9099
15208
14077
8611
10918
14389
4769
10119
15916
1582
1798
13730
436
8812
8433
19927
6187
19044
16131
14529
8470
13406
4126
12060
6965
5355
10248
10107
16232
18400
11019
16993
18735
8993
14748
5490
10419
17710
14397
7438
18557
18400
5038
2572
11660
3548
17346
872
13252
16390
6528
6323
19025
18279
19553
4248
18644
17915
1416
5209
2793
6313
19754
5540
7762
15209
16342
6474
7193
17129
15550
9706
17627
6794
14008
18660
4194
4708
8095
2069
11282
11683
1124
15794
19075
16488
12957
10369
12828
18090
3098
1948
10280
17117
607
8208
9809
2539
7530
16054
11761
10036
4179
14670
9051
17514
7810
17986
2105
2237
16704
3520
5230
854
217
7959
17640
10232
14395
4807
11328
16518
5582
9266
9932
3468
10162
17400
3012
16809
19066
19878
15435
4485
10326
11074
17038
8704
9744
18806
3254
12803
5317
19754
6578
7881
10149
14470
4712
13832
7169
4982
14899
13879
7576
10894
16131
17623
19618
6998
9534
17178
925
13731
6255
1518
3061
940
1086
1481
6643
16108
13242
4626
14707
5021
5028
18082
15329
3416
13480
4312
11082
15108
8326
15575
1357
1762
1885
11521
2547
12809
6032
10051
14587
10705
17472
6112
10320
1822
15419
18521
2580
13147
4694
17000
284
2571
11825
851
19194
3270
16435
16604
9485
2460
872
8680
13176
15238
18420
195
18659
7229
19192
7003
8755
634
19511
19420
8641
7958
9384
13346
8056
3524
10804
13808
101
8482
4719
10373
13197
16170
9103
7649
18959
8157
1268
2431
13849
16799
18619
9629
14733
12128
13292
12453
2143
9460
5340
15654
17169
18413
12450
18738
12904
7046
15584
147
14542
5124
16853
3135
15824
7164
10870
2956
15329
4948
11255
3533
3456
3544
19588
18386
6410
18821
6395
18206
9331
13700
193
8892
19417
745
9574
7001
13545
766
1737
19866
14435
4955
9161
9116
9738
5560
16796
18421
7309
17377
9639
11708
9715
9873
5589
185
12815
9374
12448
1205
17077
11547
11306
19102
9986
6781
19464
8854
1965
13424
5418
13486
19752
17013
1028
890
12749
19637
285
15559
15141
913
7142
7102
6464
14925
3403
13739
3660
19668
6279
50
10706
12313
5700
11282
15784
9929
6665
1771
7354
8207
18250
1510
16906
11397
566
8052
19617
8517
4871
17439
1392
10794
934
3297
8279
3101
4805
18217
17750
18683
13015
15749
17390
4104
5059
9448
16455
12224
16438
9460
15931
2049
7667
5215
15910
13442
18983
791
15553
2577
16086
1492
6485
9760
13237
15124
1211
19434
5581
18790
15748
15913
18247
339
13190
11570
16135
10933
3344
249
14217
16691
1505
13411
11037
5684
15582
17503
3169
15894
2487
223
9306
15262
18072
2394
5585
13630
4751
1661
9192
10755
3877
12167
10587
8016
3383
15209
4650
19161
10518
12847
14249
9279
16800
18516
16063
11555
2773
9906
17463
5890
5570
9103
10559
8166
12641
16212
1371
1665
172
12255
13391
4588
7665
13311
9416
5790
18513
1414
11686
9379
2854
10295
11993
15146
14735
18410
17535
19182
635
10836
17373
9310
17916
4118
4513
19656
12359
5416
1808
1249
13516
19170
5315
17789
397
690
13774
5478
16309
9938
3903
811
4369
1859
8150
1220
8019
7513
4055
15589
4706
5573
15939
1021
14413
19913
5887
14829
1655
5554
445
15825
3313
5429
8992
14281
12801
10240
10762
19433
2216
13704
6078
6158
8595
9317
10467
14213
5752
11779
17580
4137
12651
10692
15414
1450
5820
16326
12394
2888
18794
2034
17380
862
284
6526
11316
14030
13281
18568
1814
2765
8258
15063
10397
11397
1717
18329
8695
12834
6660
11606
2746
16336
12866
10135
9192
1514
17128
8923
2826
14329
16366
400
808
11267
9440
4580
19542
1293
10704
659
11404
14956
3644
15424
17003
8600
919
6328
7517
6364
17447
16691
18535
8825
5333
4949
18051
14378
1340
12326
18009
9626
6768
10652
3799
11615
7693
4209
9563
8233
8067
1039
224
19701
5546
13897
14110
14947
3530
1321
442
15910
112
8686
921
13718
18222
7904
17282
5960
18531
15745
13363
16198
10123
15985
9490
8403
9433
135
18856
11196
18760
11218
10464
7861
3242
15190
19862
16413
10673
13942
12279
11600
18766
15132
17372
16122
15162
2371
14953
1452
18461
7824
11839
18077
2069
5144
757
10900
1091
14131
18752
17512
14694
12150
17523
3850
15414
6596
8240
14494
10132
9913
3560
9487
9253
4125
15566
6925
4195
112
3418
5257
7953
9507
13915
153
4920
4281
2139
2719
16608
14857
4210
19631
14406
17079
16117
18381
11060
19704
12073
17896
920
3398
19531
15458
6033
14545
15634
1954
7405
8465
5355
16696
6918
9360
4876
8390
5577
11035
10599
8074
9715
11404
13371
8052
15201
15434
1053
8668
16644
1593
3200
7792
17870
10036
4336
3495
9488
6269
19045
7792
7156
17106
16111
15398
15532
18431
13781
16665
14742
3408
3226
455
7555
14750
1635
19259
6547
7614
12729
10462
2287
10148
569
19787
13362
18109
17867
12807
2473
5225
2542
18713
12777
15899
3815
16623
6563
13594
10658
1496
4561
19301
12171
6553
15813
13379
15678
6285
13494
14798
10802
15390
4682
8988
3368
19067
5965
17053
7893
16076
2738
11089
8004
16673
3635
12223
18960
3267
5968
13372
10203
19020
3869
12328
7777
16768
15286
3071
2689
2472
13305
6559
13485
6645
13062
8297
6626
18139
983
7737
19185
7488
19635
14710
2998
7070
7099
4986
2713
17874
4997
18167
19329
11440
5138
6544
19678
12222
10325
16052
8961
18599
6187
12193
11611
15984
8278
19614
18137
42
2966
2214
4019
4852
7706
18969
8149
11994
297
7395
12351
16458
10277
14238
6894
1604
4187
7586
4816
237
19013
14221
6263
10015
4199
7903
14943
4149
4292
18543
6241
3822
17699
9652
9816
17244
13909
10317
18874
2153
6523
19232
17436
10601
18136
10588
19622
14642
7070
15534
6392
17380
12694
5616
19723
6191
4847
6262
19352
3655
6674
2317
18486
16806
9481
18494
17905
18732
4544
15382
18412
11202
847
17963
2555
14524
939
8953
18086
6980
16988
11362
11448
10303
4575
1792
421
12189
15945
11701
3189
2011
18077
18709
11575
6725
2802
7231
367
3652
5284
19256
13137
12122
16691
7244
16421
6143
10305
19327
3648
15307
7510
1128
8093
10497
5663
4844
11328
4131
12583
12640
3279
391
17591
16125
8533
2525
4274
13539
568
635
16847
1175
9289
425
18909
9057
19806
14016
10795
1543
17582
596
11416
1389
3399
257
8456
17623
12504
7663
2153
11814
15878
7073
10737
10297
16878
6071
19696
9422
19580
11442
18210
4022
3532
5666
13922
17157
17181
18850
3748
13243
9691
17939
15200
17766
14004
3873
8022
13054
15835
7400
9620
16853
7898
5143
6106
15284
2495
13842
5908
13705
14591
4835
19870
11815
5670
4484
4432
6776
8875
13155
11794
17849
17237
1747
15736
3567
2159
3880
2973
13460
114
2328
8358
19595
14611
17103
16806
12074
7236
3241
9845
15951
15130
6056
14797
11773
15146
5361
2892
5641
6521
5478
16217
16860
17956
11910
7008
1105
17578
18737
2374
10154
4299
19156
16009
5487
4015
9301
15998
8701
16042
14316
4937
6761
3021
12241
6460
4348
2575
16247
7838
6370
16442
19084
11240
9515
12668
12215
10504
18601
12424
13594
17621
15406
8399
11055
12583
15940
13211
15776
19014
9940
1322
3508
2070
13853
14407
19350
18886
19863
9664
9108
15362
12449
2247
18658
6751
13418
7401
1057
13970
4262
12927
19679
19251
19996
11995
4332
6715
10125
16504
5482
13135
6022
13287
12918
10487
6886
5454
4379
13767
10116
10693
11993
5934
1630
2889
18547
18431
6944
5758
6061
12411
13769
1676
10251
17774
5512
16142
8978
1677
8039
3458
11841
12309
16302
13311
19568
4504
1441
1064
10257
2029
19503
5128
3435
12485
15081
12525
11483
14812
13667
13266
7348
5502
12484
15167
6212
7934
19367
6961
7166
1673
8342
8906
5420
13417
3548
27
6252
10495
12863
10110
17274
17869
13035
18436
9931
4265
15887
1510
9436
17367
9486
12424
16139
10676
11579
17063
14880
6093
18501
14783
11589
15047
8559
14747
5680
6811
14223
3211
9980
3761
9108
18577
1464
8728
11750
14337
7159
9140
19025
6016
15711
8519
9503
7437
19795
2109
9162
18967
10669
19311
14961
14879
13637
2145
2526
13779
19979
1841
18525
1076
5273
4369
126
928
19268
13168
6916
19299
14689
670
5422
5241
16060
3695
16630
1387
7304
5551
18479
17742
6242
4196
17855
8792
962
12587
14432
1601
14195
18991
8925
1438
19396
10250
16220
13317
10698
15476
16102
15766
12928
3617
11053
2698
466
11796
4181
19971
1446
7346
18706
12845
11172
8608
19985
120
5567
2566
8792
6711
4152
5085
9044
3434
15987
15583
17228
5394
8512
16628
6046
7032
7674
8098
4840
5996
6722
4389
19403
13310
11626
1473
733
16929
9561
14337
19750
3894
8105
1606
14359
18676
13956
10210
1760
7110
8979
13406
14298
15900
11039
18951
13463
6805
17660
18524
2613
18380
5706
14007
5048
16027
17922
10442
8502
9949
710
14253
15658
2740
11437
2096
928
1701
12217
16258
6656
10441
8637
18396
7681
15613
16995
9727
3033
11562
3337
10397
720
10421
16713
16170
10990
6031
10201
9238
18515
540
2917
16861
6409
5198
10428
16683
18456
525
4251
10982
624
13784
11418
17850
8397
6556
16781
4243
4585
12236
13189
4782
17460
4144
2839
14748
9427
914
7896
16695
10780
11241
2616
4808
12045
666
12716
6255
4525
1587
9790
9240
13016
15185
5061
18888
11774
6456
7143
14378
3285
11321
13545
17527
3741
12843
15333
8327
10707
12649
16771
18095
723
7572
3749
11751
6015
1918
13902
10513
5838
18653
13297
9437
18328
12086
11167
4527
16185
4097
18459
18313
15227
3841
8970
2246
19176
14439
18117
10426
3862
15776
11574
1489
1186
4968
3568
5341
7994
3492
7453
6288
3912
14991
15167
17767
1569
11726
14566
14230
11258
17122
16852
18737
6984
3282
9014
18542
15964
13173
15932
3284
11627
2961
16552
11837
8063
19149
19758
3924
14077
13198
14599
9007
13389
11227
16667
8997
8551
2141
5001
7876
19506
852
6255
11608
12046
12283
12690
4057
17480
3811
9498
16258
15737
18068
7748
4592
18228
15949
3671
1791
16309
4812
4774
16180
7591
9972
16094
5763
7041
11977
6046
14132
19214
6837
5018
10686
2848
4835
13140
7828
13105
1414
6656
19475
983
12515
5079
9202
11755
5138
5208
543
18767
14919
3394
7039
4259
18454
14249
14072
16513
1403
16542
15988
15973
15021
19726
715
15835
2237
6126
5145
16523
19977
18921
15573
10455
3590
18631
783
18538
15013
4869
19245
2864
19645
13472
4741
5593
3500
4278
16195
12421
17618
3849
19090
2082
2551
16273
2400
18794
10544
10597
9194
17477
366
16561
4505
12794
765
15535
18741
1609
17733
18165
325
14126
6307
13304
10148
15336
14958
8028
12444
14701
6410
14040
107
15414
10556
5801
5402
12405
10633
4083
2137
13346
2069
14201
12607
15656
1656
10053
9580
9954
6932
1820
16682
13341
12711
13682
503
11396
15363
1360
12969
10060
3766
7662
4112
6275
6194
11541
10213
13289
4458
3033
7010
10717
14515
14031
16061
12636
4929
12491
18886
5658
2923
8767
8326
4783
2811
18684
2235
1457
14031
19073
16339
1977
18346
13669
16189
18930
8443
1588
126
13724
4021
1178
13252
1370
10516
3976
3798
9695
12093
4001
13933
16207
7399
10464
2065
4099
11794
7300
2638
14313
323
14568
11646
3073
447
1930
1652
10021
5650
5282
9600
9454
226
3407
2475
16665
10809
3383
18106
12735
15598
17369
14906
4282
6356
8816
4030
8661
8135
6436
16968
3020
12994
8372
5549
3616
6860
14142
13317
8832
14513
8752
11838
16258
2094
945
643
15653
8408
5097
16030
2536
2441
12810
13268
10828
13318
19149
16794
441
4184
19319
1560
19396
9551
19273
9168
2958
14248
15570
12329
18871
17407
7596
18660
16854
9842
5222
14530
178
8363
18770
7993
2961
538
18112
2504
9353
18574
7382
6867
863
1653
6617
17617
16808
14319
10724
14455
6277
11318
14628
12836
18287
15303
1518
11914
9843
13886
7239
14553
6830
6148
1024
6786
6602
15848
5971
18437
14173
19518
11581
1729
2604
6108
15930
11702
15633
15343
8698
11989
10232
16249
8052
19761
16179
15866
7245
9492
1065
11593
17024
12799
5566
10452
17065
8129
560
12165
1168
6640
13210
16748
13553
18441
18014
16634
12228
3932
13357
13354
13455
17339
14326
7926
3497
17670
14382
2939
18208
15513
10227
8168
11093
14753
16198
4691
5690
18215
18411
16267
10490
10775
15949
6427
5431
19196
6629
15417
5597
16310
3415
4977
10842
6457
7136
4752
16968
6146
16764
8316
19609
6983
16809
2878
3041
14680
7927
2644
9352
811
3628
13808
7627
18425
6512
6664
9541
4135
4724
14769
16536
19903
10960
19003
7051
2598
15023
285
4202
12060
18312
13894
14345
2419
19851
2189
13752
1654
17301
6261
1856
481
7212
4048
11295
680
11049
17148
13700
14738
7794
834
16557
4650
6401
14477
13329
2567
15360
36
18316
5098
15583
5774
18573
18275
222
18351
14929
19158
17262
4663
1486
2727
6863
13491
4778
2444
9883
10550
7491
18077
11370
4020
14862
16430
14029
10996
13240
16608
11993
13128
10903
3579
19079
968
15246
5061
11794
4663
9963
2346
4680
11710
10600
14593
965
9468
16972
4332
1261
19536
19710
5363
483
2598
5127
5033
8772
3763
7845
15091
16086
15764
15015
7113
14742
4266
12531
14108
12275
10373
11675
18579
2880
8173
3042
3222
11960
14627
5748
19654
1170
901
18753
4563
12867
19477
2813
5420
3008
16051
11270
12881
3320
6826
10494
4380
15640
2854
6025
11747
14589
12291
4072
14496
17372
767
6333
3506
16960
3332
11774
6695
15507
4551
11645
9994
18938
12605
14385
2803
15579
14481
832
12705
17724
378
12311
1276
8261
18019
16060
15597
9696
16096
19251
863
7327
10548
13951
15023
8535
3514
8354
4544
2601
11170
12279
9488
19990
9782
11728
2045
11140
2726
4759
14916
19748
17739
14470
11700
5359
19924
3544
18696
5082
2268
15768
12545
17372
18099
12332
14829
19874
14937
4316
10724
8870
19109
1114
11730
12937
4023
6647
695
8962
19339
2524
12004
8316
10610
4390
11580
11255
19432
7792
446
7902
246
307
9640
13922
11340
6557
15935
13185
18140
5168
14766
18
7671
7279
271
14520
17151
11998
5042
16336
1069
15389
8476
7220
6362
15845
9781
12952
17485
13850
2084
17056
13815
7205
1906
4325
13786
18502
5304
1711
12110
3830
6527
15525
1613
11936
12737
3004
8430
16213
5020
8285
7394
13136
1048
8041
13217
18532
1062
16524
19850
10465
11965
14520
5256
4640
2049
7860
18115
8739
10460
1384
12397
256
11971
19077
1167
12801
8693
19486
8735
10786
3807
4497
7647
17113
12678
17409
11707
11841
6619
17961
5248
14931
567
15136
16742
16305
15357
12313
3217
16418
11978
10356
13116
18611
10268
16188
14334
15674
1404
636
2908
18411
11694
2424
1055
13402
1320
10516
2657
10515
1114
19692
13340
19941
7929
11654
9686
17591
15601
10675
14443
7949
19589
12910
8370
10734
6170
18594
4149
7422
9148
3961
10305
19653
15252
19592
3831
13126
7178
12600
4111
54
11073
12625
7830
7145
14308
4942
3475
9813
14049
4707
13861
11990
8637
189
12807
15236
15818
17862
15086
1973
5060
11577
9909
7606
17691
8899
12796
18191
3490
10811
3543
6481
4529
15999
15855
6623
6098
3648
3142
139
8557
2665
10628
18095
1073
4626
17044
11120
13137
9820
15939
17031
19453
14487
3009
12968
12302
1932
17451
12505
12879
6220
14026
5342
12085
12213
19391
5181
1719
19380
11489
5302
19867
5358
18721
4821
1443
2859
12884
14001
11674
11517
169
8964
3374
12876
5412
19462
6604
14337
13011
11228
30
11646
6889
3071
17846
16649
13330
13651
9514
6728
2478
10990
11616
16878
12416
17006
13618
1146
12717
2952
10999
13788
9879
2507
9493
12467
10802
11551
1297
10024
12180
8997
404
18788
12074
19717
13208
11390
9193
10445
13461
2031
14816
17510
18633
11422
15668
13459
19728
4353
2520
1036
16750
8360
16052
9499
13345
19386
14123
16670
2891
13196
2452
11130
11095
3330
4609
4941
9782
16522
19042
588
13218
9463
10724
2946
14557
19490
5502
6754
6392
14483
1412
13440
18492
11253
9189
19865
11173
16947
5619
9947
2826
11560
11593
1511
16148
17407
13293
15496
502
17813
14676
5397
6944
5124
12902
9785
11514
15066
3794
10574
12118
19153
19443
10641
3675
14144
2243
3439
12002
9260
5585
18615
6730
18614
4084
13723
5408
19493
12804
6870
13369
18111
14936
1540
1508
6265
7105
15773
18524
15022
5692
11348
15099
5817
6102
8536
6018
17046
15831
4166
5450
16506
12153
4998
10489
19017
17578
19734
1951
5768
1019
17537
9226
4682
5068
13209
5095
8066
1557
11901
17854
3342
2391
19367
16888
4229
13757
9395
18381
1792
392
12714
17063
17049
14042
4818
6064
2019
4787
15247
10318
12350
4548
17826
14016
7028
5091
11162
7609
17390
7171
19661
8077
14715
2003
3317
16174
672
9748
8137
14347
5661
13162
13904
18810
5877
19892
15282
16245
19580
12375
2294
13469
13783
9981
12978
4146
14213
18967
14382
10454
18363
10773
16977
15325
7450
3345
4489
7971
16583
8218
6241
4767
1465
4450
13136
1470
17897
1405
5008
9870
11872
16862
16287
945
1998
3548
15054
18512
14640
2700
12660
6713
960
11294
16864
16337
7407
7824
7563
9807
8643
12376
327
16514
14356
18810
9611
15376
8370
8805
3941
12725
14604
12563
5949
4968
7627
16632
11290
1154
11505
9991
8150
14891
10954
13496
12875
15403
19488
348
3242
14795
6912
524
3481
16598
16856
18567
2285
78
13727
16876
12400
15698
18029
8325
4399
9329
416
16629
11963
12077
5957
15063
402
12329
15560
375
8608
11432
13546
3326
9348
12143
3072
6836
13376
11998
1891
19218
16300
14566
2205
5364
9261
16888
7748
11068
11441
7696
9691
19534
1367
6603
4649
8983
134
13285
1219
16182
15641
8183
18486
2364
16132
6580
4408
13324
2992
4520
2689
13563
9485
1522
17379
16552
16756
10758
16345
8471
15253
4437
2839
15522
5724
3282
13443
9020
15707
12754
7099
7819
19669
16043
3649
7128
14374
2555
1736
1580
7997
16368
481
19116
15242
11011
16738
15760
251
13338
6831
7721
2628
12749
2444
16319
12900
15477
11894
4076
1144
1484
13236
1797
17119
4736
3914
7626
5606
19089
159
16184
8543
8467
4366
17234
5920
5747
1684
13435
6443
15068
18335
3786
17055
5832
16182
6867
8150
6479
8795
6283
943
3311
12185
15212
2494
6950
16007
15333
2272
19629
14315
2076
14824
12370
2524
18400
13088
11448
18687
15888
18751
5810
9410
18389
1383
785
14841
4298
2904
6073
1526
11770
16895
12604
5744
5548
17185
18567
12801
4445
3501
10681
10944
1330
13770
10915
19203
9016
1033
10232
11536
73
10899
8684
743
18136
6904
2768
18277
9300
17781
14196
14270
16506
14201
8535
12637
7577
15764
4235
10495
3969
2758
1715
18661
16412
8308
16286
24
10991
9768
11547
9817
13991
19295
16040
14258
7325
6122
11435
2470
8126
18798
10109
6256
8846
17681
1452
7375
7666
11028
2773
3398
19882
10351
7471
3557
169
11607
12536
7070
12557
8251
11644
18269
3763
13745
838
11071
17165
8467
15883
16273
4673
2758
1067
12081
19359
12562
11590
3389
1750
4484
270
11395
11109
8295
14469
17252
9491
130
9926
10140
5339
408
19166
196
11494
8059
3977
5025
11736
5269
2647
6224
2627
14154
17135
4626
1674
2814
4107
16762
5746
10686
13200
10100
2915
3956
5787
19461
9011
19224
3076
6618
13761
6744
15728
3500
17393
581
11617
8865
15489
4971
16788
5577
6770
13178
7451
4877
9299
14915
17289
19292
3350
4004
7902
19913
9472
18580
3411
6946
19885
11940
1151
7883
18414
13892
10156
13481
14432
5215
6807
1276
591
5093
489
14192
1889
5577
3885
15985
11445
8202
2223
478
4352
19419
1194
7775
856
5286
11496
7231
13100
13249
7350
5556
8924
9540
6939
4429
17158
18890
675
12718
4693
19883
5591
6194
7351
8726
4684
17496
11252
10928
7907
14429
11163
15819
11119
7887
10637
15641
439
13815
17503
3736
17137
8921
19274
6738
3725
5610
9441
8422
13130
2391
19058
10382
19651
12945
3085
12217
4195
12517
2586
18916
13272
8534
15526
3237
18531
15000
5772
7581
5265
12167
19632
2727
13793
6737
15343
2783
15879
8193
1818
7189
11981
16955
3238
14259
8726
15763
13122
17023
13625
7813
9526
11505
4843
7124
16823
16059
33
9725
3145
15136
4529
15193
3139
10356
18811
17151
19695
2682
9315
11365
14931
10740
3523
4114
8887
4987
10364
5707
772
11764
9044
1449
3137
13575
12626
11051
18322
15717
14712
16111
5471
16111
12610
2645
15996
1012
15448
17036
1721
8682
10443
17823
608
15108
13457
19603
4206
15953
3476
10521
17701
10065
1312
11085
19818
9124
13771
12753
7581
9973
11390
12378
7102
10497
5016
2470
5156
19777
1140
11898
11347
269
5116
17995
8030
386
1405
1289
9710
4769
13932
565
10423
11505
6382
1228
16888
2530
5749
3399
18761
16099
10512
2536
18144
7619
3674
17540
4549
1712
2100
11196
15908
16422
4404
10444
16659
9253
14891
15579
13519
19023
17333
9574
12017
5774
3730
6150
11290
10031
2521
9804
9813
13885
4159
10749
16146
15970
15427
14209
13516
8113
7258
1099
15976
8285
3408
19382
15507
17447
10580
4214
18249
19256
11682
17091
10041
6398
16209
2344
19483
3266
17781
10461
1246
2432
18460
14311
9230
8514
17325
18434
5590
18044
18844
2443
14529
3612
4349
9005
9277
7054
5942
2869
11510
17538
4839
5838
7794
17071
4432
13448
19018
4812
8757
2836
4486
14572
5321
14587
14249
1781
12256
4652
756
15565
6490
10992
3094
2117
11700
6368
12714
15941
4199
14688
18034
19698
7506
18167
13898
6577
14438
7830
17498
6617
12975
12218
17506
8023
2226
16694
15813
16046
17317
9095
9675
1290
14944
4971
11824
17157
19506
7161
3142
13476
18436
4557
11240
9759
9485
341
250
4249
7285
11644
7462
11451
6608
11346
10337
17062
4200
15242
9557
17800
17489
6217
5608
3484
17827
11707
11981
9558
3943
10417
14080
7161
13365
10150
7098
10533
7641
979
8659
17575
19199
18433
8173
7916
10667
7790
4543
16514
2105
7781
215
14785
11220
3850
7923
4794
9831
5502
16791
223
13263
11244
19853
1805
8362
13130
1382
17295
17544
15500
7313
19826
12696
6035
16396
3353
10195
1869
9074
13586
2527
12487
4071
6393
16376
1655
17488
8208
15303
12051
7231
8770
1684
3423
11472
19207
8361
7742
12432
7468
13269
8520
13275
17590
11527
14801
16620
19925
6972
1996
5832
13711
2243
4076
9498
1478
8363
12651
12065
4176
7761
1995
4559
15310
11243
19696
17567
16797
12220
16129
2377
18049
7836
4611
9221
5066
2230
17221
882
18899
18050
2465
17607
7002
14374
10841
4849
110
5916
13465
2561
9987
16303
18252
7794
13077
502
10124
10333
7863
18087
18902
1106
17248
7164
11569
18892
16516
3259
2673
186
10689
18889
10915
5649
19366
18055
12722
8360
431
13703
6686
1295
241
9807
10872
9167
4167
12617
4734
7819
11219
14743
6109
14523
1486
19094
3858
19422
12461
14042
12820
16984
4904
12384
12160
8662
13034
2721
19719
8946
13420
15150
702
9334
965
968
11856
6157
15585
4650
9342
18240
10290
17504
10612
13505
2851
17565
6886
14072
7209
18227
13087
17395
13420
1597
6289
3048
2123
5698
8124
19530
15075
9339
9607
12682
19887
7128
10419
3008
19356
13618
18175
13309
973
19678
16093
1988
18640
13734
7101
18044
19734
12961
4632
8158
812
10607
8781
13411
18766
16685
2409
12555
16620
130
6453
8206
6639
13578
13251
7421
16246
6365
2567
269
10570
637
5644
12598
6440
5637
5785
6941
2409
10075
9743
585
5893
272
828
16691
5885
10141
3351
5913
491
18283
17381
10706
4724
5699
14935
18561
16176
4207
6849
14222
10021
9224
6797
12094
12954
15350
6069
5724
14884
15290
19013
16009
4629
6288
14753
12544
8066
1276
16095
8537
4124
2112
9565
7204
12471
16588
16996
11434
19928
8118
3744
2566
16912
108
15271
17190
10372
15288
1808
1574
19447
15721
5556
7335
18991
17355
11287
3800
9070
6797
12617
11392
18956
13847
18155
6377
7891
3482
7629
7318
4457
6700
16489
2504
4724
17364
12431
13198
14395
5562
14040
15869
8036
1092
3802
9224
16855
5523
5368
6362
17477
6930
15655
11723
9673
11813
5748
6264
3259
7494
606
8507
10091
2243
6043
8996
8015
1334
12973
11355
12926
1369
1371
6089
8369
9568
10135
3719
18205
10206
13812
363
17592
13626
14548
14743
15366
17814
4893
5100
19709
5576
7379
4215
18371
15791
13340
8853
15034
15886
7361
5489
12427
7123
16170
14379
8856
16944
19417
11395
14400
966
1157
16835
14918
19267
1184
17715
16940
10002
1614
7285
8350
15147
1800
49
6999
12343
3740
1466
3397
292
11575
1831
12403
11222
11647
12918
17990
18297
9408
8558
18953
12285
6668
239
13403
1357
10825
17137
9895
7675
19483
15552
19920
16286
12525
8844
1191
14578
11251
17576
6349
10375
135
8292
7505
4189
18849
4718
5054
12276
19700
16434
12824
7338
1788
17215
8776
6550
14928
13500
1730
2102
18819
9831
2788
12322
4263
14095
14855
13289
5229
3178
5250
7750
17456
948
8900
10263
19353
13644
9313
14519
14080
6658
3564
2362
4564
637
53
16211
4280
289
14162
19127
18825
14286
17301
19791
4000
10260
12466
1016
2042
10737
10999
15691
13043
715
9773
18740
1077
18492
12536
11859
11277
16317
8523
3732
19876
2845
2359
9467
2268
19450
13101
10824
1827
13869
4322
8032
19124
8367
1931
9898
11367
5936
14287
46
6271
6921
14277
3023
17218
4130
4490
6815
15589
3533
15298
7797
17037
13079
15169
18690
2543
14516
14366
9916
3263
3564
15486
12381
1630
840
16007
5572
18613
7570
8690
16901
5813
4359
2525
4318
17415
14921
19633
17776
13023
16516
19033
5795
2890
18559
8199
2324
5734
4718
11130
2206
13854
9511
13669
7401
6211
7374
12240
19084
14756
530
14199
10620
1811
6727
16303
15963
10978
2972
9953
982
6945
7386
11878
5760
18582
14123
17074
12220
6286
358
2299
19182
1278
15416
8358
11644
11741
6054
2709
930
8267
8157
11844
5293
18739
7857
3448
9765
3589
9337
13557
1954
628
1942
6930
4748
5460
12179
2842
7683
12180
14191
6521
10945
10897
2974
18873
10611
12207
2042
14889
9075
2425
3276
12948
8813
1821
19875
17221
17563
2437
7562
10861
224
3239
16094
1488
8442
1623
18974
2395
332
13535
15125
7119
2852
12673
16850
11820
19796
11415
14274
6431
8812
10082
10652
2763
13870
3377
12534
14230
18129
11295
13597
14429
19459
16718
19968
5008
16818
12550
3452
10320
15714
13611
15411
17626
18584
16067
9454
4502
2647
16227
15580
7532
10274
9417
9851
16083
12265
8655
16171
14885
2071
2874
13631
8604
4201
8732
5945
4846
14251
17330
13237
7135
4800
427
17768
331
18776
4559
3277
8594
9697
6598
19128
18438
11211
4849
8025
5799
17330
4447
18890
17197
7767
6670
10921
13690
6999
13620
3197
17657
11830
7865
16435
7933
5955
13461
16348
5102
18751
15806
2082
12355
8562
18355
8651
9604
7445
9334
12932
1146
4366
5577
14621
11163
5678
9206
15765
17125
7415
14602
2235
7026
14054
14062
14991
12584
5490
16692
3181
10162
18729
17778
13231
1454
3363
294
7080
11336
14303
5406
2326
12226
10738
18702
4962
19786
17428
2407
4579
18121
4550
152
2770
3131
14865
5646
4610
2609
1711
9214
2140
1866
10429
10178
10321
9219
4650
7111
17329
1032
15486
19009
2770
928
17892
16995
8707
14538
8743
19658
10894
8337
18099
9738
5167
14383
19494
13499
3761
6860
16804
7394
13099
16347
8996
10517
15219
13517
2658
6285
14348
3843
1762
15689
672
19729
9244
19239
3738
14097
9480
10991
13218
11561
6528
16756
6958
16033
9383
3705
961
7274
17509
10809
3736
12508
4757
9768
12401
16251
8163
18818
11364
8200
5579
4401
2667
9838
13125
6359
12776
19485
6605
11368
9965
10019
7614
8964
19420
14330
12344
13249
17539
6429
16889
2864
13279
12883
10253
19054
5756
1228
19151
476
3383
15300
8017
4489
15080
8925
13514
13969
1915
11644
3997
2787
19891
16905
9097
3874
15855
11609
8360
9010
12235
5526
10612
5005
17666
425
14539
2505
166
10025
7826
11334
14983
19419
6439
10395
12296
10199
7438
6312
19379
8742
5285
7135
14974
5310
19436
11227
489
7221
18048
846
4653
300
13800
13946
5999
17372
10147
3983
10603
5505
19366
3827
12544
1201
19226
9821
19348
6517
3662
19839
12357
9763
696
14791
5695
18359
4403
11501
12506
15899
991
4073
8193
11316
12103
12851
5289
5922
25
14729
10405
8332
1347
11045
18939
2036
11691
17665
15446
14242
16315
10568
2087
10031
4489
6982
18757
12500
16549
4100
15920
14282
13281
537
13622
11504
13435
680
1515
2354
14775
8867
17521
4779
18980
8253
19603
8003
6819
9888
9549
11397
17066
2172
13277
5944
11457
15142
18971
11258
7919
3730
17807
12934
2060
7201
12801
7378
16536
15246
15979
19706
18931
12666
11654
17750
7405
6992
10829
17994
5939
18735
142
13555
4165
10631
8653
13953
3464
12839
11187
12240
6853
14285
18184
9389
398
17888
4121
724
9432
7936
592
4971
15564
14202
16955
1467
3825
6371
2933
18755
12669
15579
9965
556
13687
9976
5015
7990
13901
11349
13752
9981
7344
5894
7968
5496
10957
14498
549
835
14203
16550
13677
1150
12748
17867
5410
15393
2131
2840
6393
19511
6024
6182
1505
10463
19439
12175
10609
16658
8941
15283
1258
15990
16604
13009
6365
5861
16420
13781
18503
12852
7422
19243
7693
2050
6100
18996
19669
13132
12166
10439
7311
13244
6843
5241
13019
8672
3024
206
19901
8404
1775
4469
12142
2999
16033
14805
15796
17891
9947
9508
1063
14895
2575
9447
9123
10531
9877
1097
12812
8769
12438
6366
6552
11526
3143
5433
4995
8388
5648
10481
18556
17926
14559
4595
14285
19597
18391
1773
687
5036
18476
5094
11572
16
12003
16767
16900
2440
11358
973
3360
895
14888
18706
2629
4085
7300
8997
12099
12436
12941
7592
13697
976
4381
5906
16616
12171
17348
9055
16092
11414
13588
15460
8588
2147
2931
762
7135
1314
18818
1225
18432
879
4339
6775
15944
3821
9217
14591
9011
18841
6568
13933
18467
4588
7734
4214
11501
3803
10292
11796
16784
4491
6834
12746
13436
13788
14899
11476
4605
7700
7294
18212
1804
15141
16260
16798
4850
1962
19086
3485
18709
4968
15299
12880
16496
8010
14666
8807
10481
11949
5045
12978
17760
19929
5154
2724
12730
17226
2150
16022
5906
777
17771
8459
4190
14450
3456
9608
3941
2694
4021
8056
7809
2695
2478
17456
14357
1012
2521
1539
13732
9235
11402
3976
3719
8495
13718
1927
6228
19430
8445
5606
8868
10067
484
11205
18017
17104
3713
6949
14501
3508
1080
8937
2993
6922
2126
19072
2184
9948
16259
2106
12600
3145
17901
5137
14847
7838
7881
214
17403
10740
1352
16084
18398
6677
8053
11197
4555
6740
16682
9221
8722
5177
5665
19200
18206
1210
17456
12073
17504
4444
9774
4265
2617
9535
6213
203
14960
4059
17343
15370
5323
18991
18329
15227
4174
8076
3928
11050
16722
13172
13259
17784
8705
2044
19440
3323
2110
14207
2423
6768
18385
5223
17254
2252
1077
13149
8980
1526
790
2218
15798
7497
12061
12720
2940
14500
19103
19868
12876
2240
4905
7771
10036
4002
17540
1828
4620
14426
6622
18384
14855
16618
2871
8566
17189
5211
10960
14183
7892
902
16054
16981
16950
346
11267
7601
9826
7463
14880
5384
4902
8244
19567
4381
18169
8975
18158
12826
5531
18022
413
11386
9698
4604
6993
167
14019
185
14725
4032
3073
41
11669
19692
10006
11558
4943
3542
8233
5396
11462
6283
11733
3456
7865
15388
18353
1230
19054
5858
8768
13388
4690
5469
15216
15510
12026
907
14463
8465
18560
7126
9047
10214
1717
1092
15796
1186
17418
9711
7554
8228
12497
15735
14959
4665
3602
6837
6522
8397
3166
17301
340
12582
7636
18194
1887
10815
8446
10231
2700
9046
11760
19033
3830
3877
11214
10345
16645
14328
12707
12109
8051
8419
19356
18278
6885
11506
1690
12192
8223
3297
5286
5742
15248
7667
940
109
15802
3396
16080
18031
2035
9134
13910
5335
6821
8275
13626
1080
1571
960
19793
15112
530
1975
18662
18231
3410
13462
11132
16168
9867
10328
15191
8933
8670
12000
18231
12792
14149
11581
3896
1226
236
6843
19798
16091
14996
7005
18429
7989
15775
1858
1971
516
14079
15984
18412
10480
15496
13645
3047
9532
2676
16172
1649
4620
4107
19780
15837
5252
8913
2859
8239
12400
2008
8792
14960
12589
8535
5890
2446
2384
2608
10071
12390
18208
4403
7333
16109
3800
9212
17634
824
4577
2831
1146
1036
18894
4638
17937
16398
14157
17370
6159
13179
7310
19672
3410
1397
12714
14600
2049
6400
12131
6066
16498
12905
2706
7126
14723
4882
19895
9217
792
8479
9662
10849
5079
18352
4111
3958
13980
3009
8380
13855
11190
2103
13226
15063
10657
708
2107
4030
5653
6637
6588
14293
12065
11270
8367
18406
10844
9589
10056
18851
5620
1591
791
9361
1760
9862
4991
7285
7668
462
14077
8978
4361
1270
15976
3048
15077
3266
19559
1888
1020
4164
1997
9088
13779
5248
8918
6855
13682
15440
4590
15625
3768
4520
1740
16188
11035
17341
8133
12289
6935
14437
18617
7166
18119
17742
5099
446
17250
13181
17908
13907
10782
17867
9803
5251
293
3627
15389
7294
5133
5073
16034
19485
16545
6210
12295
17033
9045
9057
17220
12413
9596
428
2749
6652
615
12543
1070
8382
11961
228
8900
19336
6938
10523
15350
12584
11238
14014
19857
15377
828
11172
381
19360
1836
8983
11003
2031
3383
17939
11351
4844
7985
10379
16715
12246
5399
16732
6023
10966
14873
5647
14736
50
1042
14978
10569
7913
4163
6773
3511
9165
7381
5893
19816
19478
520
18651
639
9738
12001
10253
12565
363
12762
16941
12056
19745
2752
10321
16220
3798
3988
10542
19318
11608
8182
18419
1208
8485
18529
7643
3661
17458
15195
10848
13047
6238
118
398
8022
4333
17324
14682
10984
17455
9637
272
2663
11612
3207
1105
9887
6622
13044
16818
13379
3236
113
13759
11902
4974
13282
17108
3702
7672
10116
12807
14936
2926
9041
541
10997
18656
7029
17735
18035
11586
19267
2900
6712
1086
18080
5351
10192
1758
2981
12021
1358
15812
19497
12360
16059
6869
13946
14681
12463
15781
12338
11904
11067
15925
6827
19023
6298
6834
15440
9560
16701
380
14967
19738
11181
5376
13966
18670
10545
14575
5282
8225
9959
8933
4684
14464
378
3911
1892
12791
13863
16905
8184
19148
6200
18990
17060
3843
3351
2424
2797
13517
831
8663
9343
9271
5517
10491
19009
19453
11592
14862
9855
11353
1947
4383
7548
4186
17324
2385
5857
2043
5962
11850
176
1882
3215
9650
14530
4083
12616
2036
18712
7779
1681
16046
10238
9951
2238
5830
14562
6189
10103
3256
5002
8854
176
19218
1219
6802
780
4426
17329
1929
3568
13507
3615
3256
6810
2775
1222
6609
19763
8488
19211
7829
15238
5304
6600
16471
3252
12188
864
14543
7221
18622
1005
9388
11607
11196
1885
7964
12324
15678
10215
6935
11491
15117
13223
10017
6244
3336
996
15686
15121
3050
17154
14567
13114
13326
15169
11336
14673
8604
1538
6514
9134
14667
8684
14033
3834
16814
6896
19950
7306
11867
14034
12311
16664
8601
3206
2116
13937
3452
1552
19707
11558
12008
17886
15719
12632
9852
18362
17211
14047
11190
3411
149
13933
781
15365
9508
5072
10714
6986
8176
14181
9795
8199
18287
16887
9365
10558
2976
16237
10670
12264
14619
15112
18990
3503
3734
10331
10263
2010
796
8890
19503
12282
3132
11109
4574
736
5042
8975
1836
6897
15194
2539
3317
17716
770
5808
6809
682
3002
19430
5754
11596
18402
15545
9305
9184
12088
11835
19049
9051
1125
10736
16758
5083
13453
16580
16757
8596
1121
1513
413
10962
10740
6327
17821
17901
10302
6389
18258
11504
17488
10250
7635
18210
15437
1014
5179
16214
12274
12826
5379
8952
9000
11506
2774
11562
9636
6375
19866
8990
14022
17287
18927
10692
17404
4377
19415
19289
11171
9888
5947
17858
8756
675
2120
2235
16329
16984
3679
580
2792
11262
19866
19388
13540
13442
7368
7128
8595
15363
4574
1680
3404
18889
5693
10324
15770
4034
15878
10894
4660
7588
2974
8544
3006
13179
19144
14002
6624
6821
16125
4308
6727
7805
14710
9678
7072
18292
7329
4741
11171
13720
181
19589
18620
15135
10742
12717
2195
2760
16083
9329
6512
1428
15868
14370
690
9343
19381
12675
18099
6889
10080
9097
6362
12105
19491
5704
11135
1444
947
18872
10827
15084
209
8195
14633
11727
1550
4315
17652
6378
6769
3507
2669
8728
9978
3676
14470
3042
5311
13015
10091
17119
4146
787
7850
6564
10824
12023
18511
300
9684
8507
17941
1956
4541
8117
2506
9909
11954
3641
14505
17858
10532
1647
18868
13953
18053
6667
17907
16291
14173
12462
12544
5060
5606
5762
5720
19078
10484
17120
5427
4795
3839
12695
6816
3155
10711
6740
12255
4443
6121
10721
14234
13475
1748
6038
13720
14624
16756
7467
9688
16127
1452
13119
10810
16421
18100
15748
19476
11007
14370
7072
8540
19511
7571
1802
12982
4804
16396
15587
5001
14425
16558
4018
17654
16895
8893
13539
2124
16667
5587
6498
14398
19575
6277
19559
19449
7754
18967
2220
3174
19199
2216
19462
12479
7017
16279
6478
9110
13249
14033
5653
8439
16137
130
14544
19804
6825
15568
10517
17275
13151
8340
9867
11008
4684
8587
17693
4240
15508
18674
4755
17620
1333
3960
1101
14543
18801
9142
6942
7061
8778
3949
17791
17460
6241
14092
7901
4292
8821
13140
10951
11045
506
18087
11252
18324
17291
14731
3996
694
13152
3774
10232
816
7798
17576
2107
14660
11674
5956
17341
13428
5820
10126
389
15857
15695
843
11248
18513
2093
6276
248
19211
1168
2837
1403
16836
15933
18768
18123
4249
12504
9694
6493
7588
5877
10288
1939
8510
19705
10520
7191
12849
15413
1657
13149
6003
7055
2568
10622
81
4877
7327
6671
13565
14159
7007
10822
19461
418
14717
15670
8542
6303
19591
3428
13058
14134
17485
3162
13015
18681
7351
7884
5747
16690
924
14008
7274
14427
7050
1296
5436
5632
17897
11973
5875
9536
3859
5839
6029
7252
334
3463
2359
9595
6415
1543
2536
732
3219
8735
10051
5516
17664
12964
13199
8874
30
18714
1904
14590
16180
12557
3587
13894
1149
6918
9077
8209
9088
9570
6445
7442
5050
2743
19902
16175
14243
9403
4776
17742
9438
14214
5245
5297
1693
14772
2235
12170
9231
16507
16518
6687
5989
4343
4362
14563
6438
18063
9843
11423
15949
13056
5115
11705
5296
3284
13380
7280
18521
5061
14790
19437
19489
7542
6735
6105
10961
17685
12961
8037
9787
5800
4925
10125
17760
14480
19122
8441
14947
5651
8669
9427
16645
9004
13092
6184
17339
16116
17317
15662
8924
15178
8017
19339
3781
341
11575
7005
869
279
12990
8870
12120
5332
14804
3434
17208
14484
2705
16918
14469
17021
7214
4592
4857
19006
1447
14740
19114
17488
3331
18768
18671
18751
16676
12325
1816
13603
16952
16256
5013
7231
14641
8694
5087
16795
5958
12780
5839
8193
8636
19467
11690
5365
11984
2779
10477
12721
17551
6140
5437
2287
3821
16511
3526
7647
16862
19622
221
3210
1028
9318
6966
4992
3393
11762
18296
7840
5645
11296
12938
11294
3970
9267
15617
6757
12391
13804
3765
19760
9440
17740
6629
15472
12093
9636
14167
4048
962
12914
11594
5966
9453
19206
6281
14834
15970
9260
9237
14635
6765
3467
286
4787
19962
16937
18371
12601
1941
8796
7503
15334
6765
5492
14978
14310
2525
6612
13545
11756
6850
17453
10055
12634
5757
14182
11588
18540
18169
6357
15444
5347
8317
16545
10002
16027
10284
13771
14152
3056
1890
3135
16238
8678
2590
14951
18535
1059
2180
2729
17060
2172
19593
15109
4673
19943
6537
8499
19796
14150
19379
176
14500
17501
13857
14092
2901
17415
6180
14930
3321
3223
2821
222
9594
16243
390
5
2403
17744
19317
8181
18469
17601
8994
16120
16878
10616
16932
14498
14402
17221
14041
9699
13100
3673
14093
1057
4790
15283
4629
16949
11731
15857
4495
19439
10208
11482
10817
17027
14196
644
12140
7162
4982
15121
1295
5166
15810
12184
4496
10198
1569
2175
10876
15576
14739
18746
13751
12778
17131
7579
2559
2884
3034
16885
9304
5921
12696
4550
233
5104
8851
15425
516
18306
16738
9533
2740
13228
17438
11972
7975
11293
13187
13476
11819
8871
15359
13491
687
15534
6127
1106
1668
7507
19892
8008
2592
7900
13456
9072
13020
15511
15149
4825
3527
19280
2660
8005
10343
5831
9292
1323
18085
15192
12598
3888
4029
3331
8315
19498
11288
13693
18160
5145
18466
2792
1728
10476
14232
14810
8318
19018
10541
925
19542
13604
19382
18942
3341
9698
7317
11526
14831
16932
7228
7397
14841
18926
4026
14521
18739
6373
10712
452
9609
10634
13430
3327
18044
16089
19209
2140
2723
2955
9773
13964
17760
10697
14372
11232
16538
8626
1586
1515
7377
5305
12267
16759
4230
17557
16504
19512
10689
16216
9443
19238
19870
19289
2396
19079
14964
15904
9950
13921
7253
1000
3413
5474
2655
17316
9339
12128
4021
1831
15334
19276
12482
14064
2856
14340
8209
6137
7561
11242
1087
17314
7527
3055
9999
10682
5332
7623
13657
15275
14379
5435
8584
13342
9486
6189
9419
17710
15524
10270
10749
3389
17562
14212
10464
7678
14274
17854
13193
12040
3442
15516
8785
18291
8585
74
13205
3645
18138
15689
7177
1719
7332
16180
10162
12406
3317
15380
14087
9618
14903
18772
14865
5351
9542
19944
17116
1627
13360
2281
19291
6597
15999
1432
6188
4267
9675
9531
8862
7724
5147
6466
14400
1433
9185
4936
8593
8699
14764
12391
18570
11922
7597
13322
11284
8455
1249
19640
19858
4653
12335
756
166
328
7207
7024
9880
9676
15836
4610
15752
17379
14964
2138
13910
16886
18876
16499
19466
17468
10974
9492
17905
2802
128
2081
9767
19753
1347
11210
10488
7405
2201
17315
6734
18914
11113
8651
6679
18800
5067
8483
2293
8128
7110
1521
3656
600
5933
12505
13055
4838
12284
14837
13396
12296
17578
2709
4348
9014
2984
4577
6627
12168
6763
15900
9217
190
18116
12888
16413
10196
18975
7426
12375
18679
13872
2214
14173
3302
3547
16938
3457
10423
3148
2417
8370
2316
9806
19014
1909
10376
6529
248
6160
14881
10371
6387
8843
11795
2768
6167
11274
18521
5207
995
9056
12993
14764
1137
19078
12530
9414
16379
19545
1879
4622
14785
6307
14637
16670
15715
1792
2966
16347
15184
14794
2688
10608
18424
1941
5857
19126
11482
16198
327
2750
6018
5270
7663
11411
16860
7504
19103
12516
9943
3188
9678
503
15701
3941
13676
8527
11640
351
10972
3881
5822
8981
199
168
3334
13366
13214
13860
3846
972
12942
13114
11070
12824
19745
795
4463
4640
278
2370
954
73
18680
4481
19700
16057
13836
12766
146
19432
3601
2125
18367
13869
13100
16130
13484
3344
7334
7915
11840
9739
13899
6483
12697
1071
3826
10933
3743
18314
5950
19146
3871
2723
4971
11683
3093
6355
382
867
1876
16385
8998
10499
18741
12351
8051
6686
11888
7286
4452
8320
5055
12107
16457
1339
106
9971
17453
9360
15725
17222
14448
9353
12767
11288
8571
16915
9144
4944
11814
4753
16217
3336
3624
9997
11930
19101
4280
8076
19595
14145
11136
18842
18946
12480
6495
15103
11281
16064
4973
6716
19567
12716
5022
17583
18516
12491
19055
19636
8562
5956
16738
1352
11866
18498
5776
3412
19777
10947
4483
19124
15722
9573
11640
11784
10636
12978
2526
2027
1642
10574
6303
7701
16363
1060
6466
19605
8921
1094
14185
19216
11069
9273
2301
4871
5108
16174
16106
5144
17993
338
16146
12553
12004
11344
1293
12502
7816
18829
7718
6360
15134
4534
7466
18576
11210
7306
10995
19063
3553
15929
7741
5562
12112
12680
10017
3927
7391
1532
1679
2785
18560
162
1349
10624
10073
2025
5802
17032
6420
58
5456
8595
17806
8756
9578
10018
18539
5663
3730
10546
11541
16922
19247
14146
7689
4537
2431
4145
4674
15044
13132
9057
4055
5567
14479
295
7390
14187
2596
790
11171
2823
9435
15208
17408
18237
806
5882
5800
7975
17673
8250
9396
2032
2255
5498
9509
8902
1090
16113
14870
13361
15097
6291
10370
1333
2759
18487
5171
14451
3242
3783
95
2429
18376
12740
14449
3371
4344
10094
4607
12603
13401
7640
18445
2485
2047
247
12572
7479
10181
15577
8949
19080
4617
617
5240
2727
10851
10994
846
13987
19345
14038
10349
5587
9380
12337
15235
10826
305
6291
19830
17334
7296
15504
3492
8217
17867
4393
18334
8231
13199
9172
10690
18690
8731
16551
19209
17544
6549
17616
15513
10153
16726
15153
15863
13264
18123
19299
3536
3196
16792
19807
7767
13814
14520
1589
4264
8634
18063
8902
8816
13207
12503
16964
17185
15148
7334
1380
8934
19709
8134
14479
14580
18740
856
5548
7866
17629
15072
17863
649
1170
2742
3297
14560
3899
9862
3205
4995
4476
15480
19801
6171
9525
19772
14731
5788
5347
4929
5284
586
10136
2249
8099
169
8214
13151
16229
4109
14306
413
16580
15673
1601
10259
10142
13450
10053
10314
8406
4422
9638
4496
8151
7805
17538
10816
487
12857
11996
4818
5717
16270
6669
10265
1784
8832
10635
3376
4360
14936
12210
12013
7545
16748
7397
6777
5309
1833
9897
8314
4882
3666
3380
12456
7304
5805
2671
1572
19801
1222
13961
4235
3860
6483
3032
7451
8645
9770
14337
17449
4628
9135
5686
12882
19179
13185
5010
829
12427
17833
1734
195
15779
3906
5791
9871
12912
16186
911
17012
16099
14113
14432
15575
16266
1641
16519
16601
17756
13602
3078
12532
5890
8841
1856
9871
16154
5898
18795
865
7670
18392
189
3924
16390
7753
18369
10624
7143
14967
17126
10849
15187
13247
12592
17933
506
6759
19438
10347
3500
12607
8974
8254
16731
9221
11277
17322
12346
5768
7257
10669
4811
15982
17957
8834
5868
16057
4273
4199
14539
14744
15218
7708
466
6813
10352
15682
11683
14524
16022
1259
7886
16026
15969
17983
11416
14986
17105
511
13561
10340
9130
9418
2423
10628
7814
3324
13077
867
947
8697
11105
19855
14135
16340
5488
8009
607
7864
5877
9695
13065
7169
15554
13958
17765
12782
10706
17599
5866
15925
13176
12817
9202
3136
8450
18231
13906
9843
17199
12747
8590
14739
13861
1625
16948
1834
16582
16274
16950
17124
6592
15516
17261
4592
11834
1171
12044
10569
3177
16366
6223
5074
2214
17198
18630
14532
9616
18832
6427
6049
10769
18331
7628
14649
17978
15717
10555
2209
1606
254
7238
3359
18506
13645
3601
17048
14231
18662
3126
3109
7789
16433
6708
18610
15433
6171
11177
14598
7003
14861
10289
4968
6675
18108
18340
13835
18144
19745
16369
6596
6239
7808
3057
13249
7833
10376
13914
12817
4892
5331
2257
17953
5041
651
14563
9363
8728
8545
11224
9267
995
14139
3993
18493
19468
9033
19985
16978
3735
6441
4377
12081
18595
2283
4757
13289
15823
14183
11565
19920
13580
19493
19063
1377
535
11872
2202
14275
13780
6694
4936
19370
13368
11939
2520
7542
19163
3230
15469
11164
3671
8613
16546
9487
15435
17245
583
9987
18938
3989
8660
8571
2940
10224
1488
5300
9150
16503
5300
15357
14128
13133
7201
11460
5385
17599
9884
10945
780
9242
18017
8601
9761
19859
10452
10459
19385
8210
5659
10854
17989
340
17669
15514
10404
19489
6349
832
10210
9235
6330
8454
2101
3092
17186
5164
8049
1341
2056
2834
8230
8181
16244
12877
13531
12385
3848
12803
7162
4860
9632
7324
16834
7413
16403
15338
13647
3810
9802
7413
8079
5900
9634
112
2574
9911
8079
2128
10501
1220
16444
9249
3009
19297
18972
18382
5384
9202
10671
6784
8838
15298
12276
1654
8329
14090
8953
11437
12713
10603
18487
16010
1202
17628
17812
19213
10895
14831
18279
3003
10894
895
8815
373
9230
8448
10362
6967
17123
7192
258
15526
7327
8045
5646
6722
18559
2475
19464
7773
1778
1537
10702
19120
14922
7251
1646
15832
5907
9670
10480
9746
17487
7953
17875
3656
19967
15417
10770
10415
19033
6111
15796
10099
9626
5978
16785
10574
533
5140
5982
2269
15285
9545
1051
17644
13129
11398
12815
12921
12250
5821
1763
1678
15046
6895
3635
17980
13016
8682
15964
11658
6877
11931
7401
4323
5927
5038
4555
10412
15791
10130
7758
16746
1197
15553
6990
8612
1872
9292
17663
1308
12434
13688
7986
12593
16115
11658
3881
14753
13241
19034
13881
14603
87
18756
13828
16806
6689
6829
5925
7216
531
9024
17324
2416
6625
6749
12423
14958
19144
16842
16653
19779
5283
18600
1806
5743
8432
8520
7149
13578
12943
5025
7936
14246
1709
5651
6700
15165
3617
15504
2510
14316
3738
1318
3355
956
14177
15642
8506
11905
5647
17787
12285
12615
18947
10852
10731
17062
906
18572
5881
962
7348
10687
17456
4044
10728
9563
4703
14283
12583
10761
17071
1222
19872
15668
9690
6061
5127
5715
12115
19712
11476
13575
19988
16634
11016
19655
16919
5641
7550
1625
5497
4779
18506
7968
16813
9157
2595
13795
2721
8131
4736
12725
18166
5694
4763
6175
5119
12336
13008
18643
16593
9038
13103
12183
9046
17927
4613
16672
18267
12149
12580
8080
10539
11307
4780
18938
4226
5951
10930
7200
7095
8880
7691
7265
12775
17362
7654
5213
3239
10396
5268
1607
17420
17042
5637
19834
2327
18156
14480
1500
19387
5346
12653
15280
18889
16093
19172
13278
3716
1006
16719
10857
19936
19218
18467
5806
19009
8237
3956
3934
11664
11174
7548
11981
14960
18188
3635
828
7224
16117
15688
9127
1023
10075
19241
16829
8029
17069
8740
5981
15559
574
14099
15004
3157
3889
11276
3873
16331
10680
1091
17907
8233
2176
13246
1401
14952
952
19790
981
12783
4464
10890
766
14681
17916
2480
1158
10100
1761
17830
95
19115
10535
10431
12934
14960
4259
1267
12744
17246
1337
7320
7651
17547
6937
3106
15384
15493
2326
12463
18471
13409
2778
15564
15183
7850
14568
19241
17562
6888
15763
8405
15877
15903
878
13301
3549
6718
12527
18191
10997
11086
4509
18530
605
12386
16926
19052
17593
12750
9264
3081
18785
4292
1795
19285
2703
10351
13015
15553
15657
18881
13756
13408
11584
5851
18246
134
2008
5516
9077
16158
8150
9497
95
8968
1890
4830
18239
11889
7415
4314
16169
6096
12137
10894
17778
5938
19289
4574
7078
4328
12445
1485
5428
9470
7336
5125
15335
10748
18026
13103
13745
2316
18071
16230
135
13206
1710
11788
4729
2056
11134
11595
17502
11941
16992
5582
18434
10112
4479
17980
10588
2640
17495
13694
13885
5360
14600
14051
3113
10696
583
13193
6022
2907
3574
15520
1183
16912
12725
16721
7222
14392
13629
15858
11971
2348
15377
1503
15902
18453
7105
15810
17669
15001
13001
7702
18410
10549
3171
4876
15990
7524
13018
5902
17799
13797
3076
18177
12063
15793
5977
19905
10217
4313
12294
10618
15551
19071
19977
17573
5659
7595
3587
10691
3294
7192
15194
4311
14100
12419
9825
7650
16468
11617
10019
2357
9185
15174
13468
15656
3394
15363
2229
6102
16349
19463
19997
16916
1647
4006
5103
424
6385
16593
2414
204
8381
3333
10439
10553
5941
638
7865
196
2873
275
5811
14647
4293
10776
1699
10567
5970
2974
5143
5471
15499
18954
9062
6788
10960
5672
8863
7280
17542
10018
4059
2263
12229
6762
1804
19061
6281
5488
14027
15734
6429
9664
16656
3211
19468
10812
7838
145
13828
1387
2172
867
378
3794
5185
14800
1114
5709
7002
14946
18860
8168
16547
11654
2180
4006
2350
13840
14564
5095
10119
4858
3341
8974
10204
1054
7431
8516
4007
5667
2135
3316
4338
9792
6167
14533
13665
5447
3532
16736
13968
10896
13811
2135
1130
15132
14616
4110
1462
2305
4493
14604
19052
2769
5384
13793
15445
3171
9832
16684
13707
14611
1270
7795
6272
10175
11476
12938
11887
16003
3564
1732
4855
6154
11673
14588
9063
18878
1177
18221
18851
19343
5641
5083
17289
15850
2869
12801
5982
2934
17213
11067
11413
11714
13172
9830
19451
8612
10607
7652
14200
15624
5049
18366
7365
16211
8219
17043
14186
15667
3860
632
3799
886
8010
17351
12834
8838
2893
8854
10380
18234
3096
8475
1158
10700
7340
8264
15052
12495
1440
17277
10331
8624
9600
8612
15012
11920
11315
4461
12705
14378
4208
2643
18517
13828
17367
9517
5700
2930
15591
17839
16862
6383
11353
10608
19511
935
17629
18143
11740
14407
15629
6341
2042
7365
5285
4645
1834
19650
18705
17108
7813
459
14935
11815
19130
14442
14888
13151
1877
18644
13555
8385
7160
3533
9186
17313
19028
6243
10861
11861
5619
19747
18812
11097
19781
10304
13748
1650
12826
10986
10432
1249
7242
4412
3113
18274
3778
3798
2033
2238
3645
4317
10794
12850
11132
14290
17273
11367
9497
12203
11936
14277
1663
3372
348
11601
15081
3754
5196
12740
1357
19278
440
14029
19561
19204
1408
8256
19261
16964
5000
5595
1800
15930
4852
18942
8757
5814
9592
2297
12507
6398
17172
3749
12588
4360
6999
4529
14293
16012
3912
9047
16224
2520
14085
4088
12148
7607
19714
12807
10141
12256
17414
17644
9411
3129
5860
646
17390
431
14902
18036
18093
13054
154
8575
3323
10593
16158
6866
9234
10938
2232
5201
1967
5247
6569
1639
6152
1958
466
12833
4360
10796
19673
14432
7480
8081
16070
2585
2083
19216
8956
10050
8533
8390
12063
13627
2003
15380
16157
11138
15427
17617
16780
19737
9689
14221
13622
14194
6019
17684
1965
18015
5868
6532
19658
10026
13943
17365
11826
4528
16076
1886
11243
11987
18161
4844
8452
4159
18254
10320
4386
15862
16302
430
15676
17495
5738
9366
7715
14599
15781
14915
9575
17460
10607
17600
4212
14283
15673
5332
9320
1133
2518
13162
15076
3408
7660
17597
170
3271
16760
9712
6984
12059
19884
3549
8272
378
11560
6262
17150
7490
9007
18503
1992
13133
12158
8053
4679
17874
6123
3718
3841
8849
17394
463
12059
2159
1709
3828
4083
18401
879
763
9500
11232
6662
9824
2445
2333
11990
10058
9139
8189
7828
8015
5983
13093
935
715
17428
7777
11697
14320
4201
12244
16229
834
2977
11125
15847
17870
19779
13844
2343
16782
697
5264
6673
15366
2053
18396
19802
19489
11784
231
4369
16597
755
4694
8220
7044
8937
2620
1276
8948
2537
2576
3944
3514
9366
14184
16978
1446
2027
5924
13613
2226
10532
13657
5430
14744
12549
10882
3279
8841
14753
1434
2850
19412
5482
12673
2994
325
16340
2622
18117
16301
4545
19008
6911
19534
3442
16471
5373
18971
1613
19307
13588
8214
14436
11059
6400
19281
1369
15106
3788
19667
17253
19105
14969
6405
2116
8206
15729
8165
45
13546
8249
9506
9194
11823
7740
7752
13167
15719
17149
11632
14318
13686
18878
13725
4793
3115
12505
13071
5054
8831
5748
16171
14169
4816
17483
6824
4050
9398
3422
16831
15103
4544
7975
11775
13737
6702
17427
18641
6901
3587
367
7599
5891
9738
19829
12067
13504
1635
13727
13785
16237
5123
2623
10775
9104
4331
395
14239
12664
7475
706
13421
551
5291
17335
2276
10059
13073
2189
10148
7235
6399
19195
11055
17245
11696
14991
10823
3325
12013
11900
1191
107
1624
11075
10424
9386
10264
5913
2760
2421
8451
15549
15719
10267
15618
19331
14761
7301
520
19429
6238
14917
10414
9908
11111
16710
11595
1671
1666
13423
15033
2382
5370
18967
15214
4271
755
8400
3257
6041
15293
16307
16633
15741
6507
15542
5769
1058
12252
19281
15752
19741
5918
5817
4696
10895
243
12597
3975
5337
8124
6731
2940
13881
3729
9522
11359
17777
5001
7135
13446
12234
15631
8652
12684
11060
6856
19148
6806
5185
12381
18083
19992
17758
181
1273
18275
12885
6158
6930
18983
18930
12018
7933
14073
7925
5470
1632
15317
12032
4702
16772
1136
2771
710
3018
15303
15656
19425
19222
15757
5184
3713
15845
2925
13125
3497
10015
17941
8718
9926
19525
6725
5056
15193
16675
3185
868
5825
2505
17032
9486
6330
14281
2849
16818
18678
8921
18965
4263
9527
14152
12590
2435
19737
16706
9330
988
16629
16739
14788
14323
9151
19167
11853
3079
2786
15140
16980
620
1202
7042
15306
12626
11485
5418
16999
6746
7455
13100
13306
5754
11514
19657
2278
7354
10723
695
8570
18581
304
12464
9005
2140
18893
2993
17392
12960
16213
14804
13555
7532
16794
15625
16257
1183
18784
4536
1362
8878
10868
2605
4309
12870
17380
7920
7531
2780
19117
9325
5485
5073
11505
909
1068
13113
7450
14278
14080
12292
2059
15507
8927
18355
13656
11890
5242
16347
19525
8868
12409
2845
11208
11329
6250
7434
2329
12124
18724
6879
4060
772
11614
6059
14149
11020
19789
12247
55
10840
8853
9114
5430
12246
8595
5693
16166
6758
161
19776
1520
8021
9552
15340
1933
2804
775
8913
18583
6751
18685
13510
3063
17877
16048
15651
12773
3335
10837
18410
17337
10371
18198
11381
16795
14259
6414
8660
8273
16918
4182
23
8681
15861
1804
2725
9583
8172
18697
3460
15385
6833
5769
1460
15431
8139
5438
13519
2310
7577
15045
12493
3126
15316
18105
19577
7176
18040
17965
10164
16809
7112
5012
261
13848
7692
13310
5349
9068
200
1441
13907
9242
19093
4020
9911
4118
19194
17994
12480
6684
648
17274
1269
10307
6411
13078
6722
19233
13041
642
978
2068
15253
3907
620
15570
2652
15229
3713
19933
15234
19289
19318
3367
3359
18332
9995
15841
9618
11276
9179
13237
4652
7454
12735
16523
12581
4752
19744
7652
5506
7843
11943
10734
9113
15892
17659
8836
13762
5469
9963
16351
18137
16736
5107
10444
8825
12419
7444
5763
12452
17993
9530
15327
15823
1243
14039
2724
4815
3981
18777
4736
2572
14745
16570
11319
3486
14350
10356
9060
18952
5314
8918
18582
412
4228
10169
14704
2167
6056
10543
201
17174
4420
2160
1402
7767
6980
18498
4230
19267
6149
6576
7094
18274
10784
14433
17355
15196
18604
11543
10392
17691
7357
12919
14781
18178
11165
5528
9044
12972
4157
18926
19102
18364
11259
10907
9787
2830
883
6846
15600
7002
7244
6652
17825
12760
16575
1696
3117
1193
4990
1545
6891
13550
3689
5612
13137
13710
13878
12186
10305
11976
13899
16279
267
3768
19241
13325
9699
7941
2691
4709
16660
8561
8051
17236
6035
13261
135
3603
9181
7164
13735
5067
15405
9063
7329
3003
3663
4318
3107
7367
18423
2576
14148
5034
8378
8650
5040
12691
14817
310
10761
16723
897
15791
11789
15043
18232
16362
16951
3274
8894
13601
796
3495
18095
10748
14768
17779
6673
18112
6190
14884
1515
7134
7067
4600
936
4828
5911
10447
17547
15756
10503
19072
8682
5626
2846
13411
8796
17203
10201
11607
3854
13414
14664
18474
18820
11286
17421
2730
8534
12525
2054
5963
12119
5919
17946
4791
848
2261
18682
6286
380
3468
16478
12482
6603
2566
13688
8471
917
19878
14826
11759
12879
89
14327
19315
11738
5606
9201
3750
8339
8647
8584
8567
2934
13727
16328
8487
2135
7858
11460
9248
13566
2267
18141
1053
6057
911
12993
6345
13472
18273
5367
1122
17056
13022
5292
16075
18923
14359
16465
13801
12188
18387
6218
12761
18236
14145
317
1154
12549
835
6681
4100
6276
16583
10017
6949
6849
5346
18935
19912
5843
2076
15828
47
13154
13102
13266
6830
3151
19088
9969
1090
18169
8892
9544
9978
11486
4902
7399
14473
1904
15986
5118
12505
33
12378
3104
17730
9051
4964
807
3463
15317
1632
17041
16435
17129
12408
18270
12144
8997
7938
2995
17465
17572
14126
17487
10412
8481
6072
12496
3621
18545
1782
2848
2059
15336
8870
4829
14614
11353
7856
6238
10570
2263
10863
8175
10242
16070
3824
12810
13909
14847
12968
17758
8378
12805
11869
18247
16597
19963
6847
16974
13118
13252
6426
248
6809
2155
8947
922
2492
4338
9411
2478
16387
4796
5692
8322
10362
14852
11184
16281
16549
15257
9604
10
3998
16442
2874
14042
19164
17501
4588
4489
2660
12188
16767
14282
2140
18541
9610
936
4091
13319
15903
15000
6377
10783
15869
11781
7880
12084
13359
10278
4093
5447
3077
2079
4504
222
6710
12292
3464
19861
5415
5553
2164
10891
15167
3072
5157
16457
13836
4797
10178
17789
1450
433
3719
6868
12129
16706
11217
18693
16848
6108
14056
11813
5585
13289
18795
4427
8377
6186
7908
6527
289
2098
16967
10829
17307
8943
10564
8455
18346
1517
10078
10290
7711
13625
7516
1332
16624
14936
17617
12808
6080
19019
3650
2259
13205
16485
15336
19984
14580
4524
15409
16806
14025
4282
13908
11632
18598
5256
8019
10427
13498
16278
7100
2764
5848
3081
6932
8389
2910
9217
8418
153
12910
10557
15765
15263
7476
12638
12505
8222
16645
114
2456
13741
2857
6366
5051
7709
5788
6014
7424
6221
13360
3592
16414
3230
11024
5460
14751
10694
11302
516
17382
6723
45
2032
12331
9068
7802
16010
2640
6781
11482
18942
4675
3996
4536
11792
19909
7214
9814
19826
10288
9449
1576
11253
1668
5242
18912
1748
11968
19867
5521
4721
10030
3061
3453
4643
32
1302
9266
6551
8877
6926
1724
2777
4515
3802
623
13240
15485
12029
14945
10972
18252
1374
1214
17648
9396
912
636
16703
7271
7858
7238
199
4221
14841
2173
19411
14110
4075
16198
17740
3965
8224
16514
4632
5004
8773
6440
17405
11698
18486
14002
18829
8775
9717
10055
4281
9337
3745
3824
18615
6662
15332
18504
13348
6863
8466
4877
1626
7594
7493
10700
18115
6046
10281
7035
17314
6263
14838
9408
6514
6496
12719
238
2919
12204
12935
16715
15493
18730
9374
17563
16840
18895
17397
7038
10725
7218
10093
6370
3570
7511
12579
17854
5321
11346
8813
14342
10783
7953
13338
17438
8302
4974
10739
15656
16892
16349
7799
13432
284
13852
3912
5665
10303
11586
17258
1448
14798
13066
3975
18158
15172
15924
12698
12379
2958
17456
5505
7620
16974
4428
9890
15163
14399
5612
5506
6180
2457
4746
9349
10883
8100
11340
2770
2235
2480
5707
19140
10109
16768
1440
9818
18679
10013
3571
9096
16022
9288
19163
7003
713
388
3572
8263
801
4321
6519
1319
16671
4970
3164
5399
520
511
11684
7035
8033
3037
16779
17202
14384
15327
1224
2501
13185
2537
15602
10572
1580
14752
3107
8403
17069
985
18303
14482
10374
2462
7723
9919
1633
12512
8146
15557
13338
18340
4021
4548
7232
85
17821
10569
5433
16461
17231
1132
19599
18453
1787
15396
12619
9202
17208
17742
19069
6875
683
14153
14658
11656
12551
9537
19195
14163
10776
9761
19217
13976
1597
13653
4021
4921
10757
18426
19222
7655
13585
18198
17107
9926
4315
7266
2098
4561
2463
11707
9263
7281
12103
6249
14204
13684
2789
1327
17805
2473
5475
15015
17352
5689
1505
3479
14578
18617
2052
17142
19431
19286
15956
2314
286
17910
12621
3655
444
9753
19890
7768
10894
15041
11395
11605
2994
14728
16204
7010
9996
8214
14185
350
10110
4625
1145
3902
6235
3268
9398
2773
16647
16560
18666
226
2292
14216
5661
2456
18700
9247
12955
5097
3210
19841
4319
3684
626
4544
5975
16574
13818
16324
19816
14744
4558
14793
2622
3756
9604
11895
17856
12312
3798
11413
16445
4592
11925
9866
14094
2342
12156
4687
5450
10339
18718
8570
18209
17163
8114
17389
3117
5962
11713
6799
11583
6787
9914
16569
16098
8511
15588
6014
18277
17967
14390
1829
4830
14060
2009
7931
1023
12152
14527
3643
13676
17930
4411
809
16313
15703
13408
7975
19324
8516
16386
3134
15505
12388
6105
12609
11989
32
538
12283
11898
18711
1856
13656
5134
9257
17961
7634
14375
237
7382
12929
12330
12635
18783
12188
3038
12461
12882
13072
15817
19881
19937
16535
5265
9409
11549
17046
10373
19253
19687
2831
10354
7275
8155
2498
9988
921
2406
16934
10694
11880
15796
16777
3650
14712
2748
7728
19223
623
13586
17833
11859
19707
14773
18500
15562
322
16154
19142
14646
18391
11148
1438
8592
2300
3764
16588
18088
9585
16431
1942
19015
12102
7234
15181
6290
13488
16943
5189
8256
12249
11115
6646
8064
18217
156
17585
14276
3614
17518
1258
3319
6867
6301
16111
13879
5085
3253
4142
2693
1578
14774
12452
16269
19734
14919
13936
11621
2598
1563
13104
18114
15661
17265
14655
16088
5846
14739
5258
12790
3451
16824
5412
3110
18337
9791
10407
1820
16854
6579
12507
17556
7459
7979
11896
5972
3829
10947
16895
18071
115
5846
14126
7098
19162
6295
7295
7993
11578
18007
3802
7780
2812
4915
8008
15465
8897
6582
14842
18217
14557
760
13625
6408
16875
17974
9934
9278
13827
14884
8771
6279
1895
16685
5994
6329
16926
16151
17033
12039
928
17543
15124
18108
1815
4799
7016
10318
2292
9032
13019
8766
2198
17458
10783
11041
16438
7538
7496
7052
6923
1138
1479
2942
15609
17383
16591
9828
1111
8296
13580
4195
2964
9222
12606
13971
1808
13071
5607
15810
12708
1100
17794
19657
6469
367
7941
17650
167
1682
6435
16211
6051
12098
12758
3642
11118
16433
19170
18671
17339
7626
6894
13786
16545
13161
18480
4066
13056
19805
12192
204
7404
15792
16301
18300
15775
3193
12484
11840
7478
10776
16633
2813
16831
8452
16502
8776
16559
11912
12971
15944
6307
16872
7128
6070
5620
7390
16956
8974
13768
11635
5930
8188
17630
8475
1192
3427
5862
13543
16069
10766
290
10293
5068
6024
10215
663
14090
18952
16908
6277
15601
9454
18189
1660
5892
10792
3197
18297
14851
1770
9942
5173
10492
9804
17104
19259
10551
18344
1937
602
16039
11156
4915
14414
15734
10579
11307
1196
15104
18560
10929
6487
10534
8778
19788
10352
18929
17036
6223
10664
4294
15887
5831
5979
5551
9326
16639
5316
5654
19291
6921
16818
17480
16508
1279
17918
9747
15154
10054
9121
7418
17425
19323
14634
10336
13352
19414
402
10172
3155
3650
7083
11731
12999
8203
17190
11065
6321
11736
17749
16133
2668
18153
1031
6625
4203
3301
2344
10148
17177
3333
1774
17884
3040
1375
9274
14406
10786
8323
5033
14183
7046
9074
5354
7789
15087
9162
1670
4308
6411
15218
6319
7586
116
5176
7015
7885
5602
3908
10964
5258
9112
9302
19655
14023
19883
14761
14548
8629
18383
13362
798
11881
15557
19647
1573
9927
15261
2310
15880
1521
12577
15730
9494
14311
17921
569
16269
13130
2496
11317
8805
7526
3948
9665
12402
6362
4236
13647
18531
9664
15200
4859
17468
11615
5818
15783
15983
4280
5289
18222
7118
19991
1919
17253
8972
10514
3124
14120
11479
10094
11080
2842
11720
14236
6870
5138
17974
19072
2479
4995
12391
17413
12382
4277
2805
4602
8190
7081
1978
2117
18115
1002
15498
2179
15668
5552
106
3780
10334
10357
8535
16293
14289
7801
18780
15775
17914
11241
13123
18505
17875
1213
7631
19777
1753
19126
4917
9141
12901
16172
13792
3054
15740
6083
19089
13020
11620
14807
5501
11779
19185
6851
18016
15559
19476
7700
3933
4639
1154
1454
8031
7861
11522
17823
16050
15866
9900
14425
11247
8056
318
19667
2197
17994
11360
14706
9439
9128
3486
828
18533
10066
79
3881
1590
4561
320
15944
4570
4875
10565
7500
3573
7637
11721
10120
5359
10750
6702
6763
18863
10822
7806
1279
7568
8066
16210
19342
13398
5362
6073
19245
10966
9323
11135
12383
6964
12358
17783
10907
17080
13446
16440
13674
1745
4742
16122
17036
16542
10609
19867
10801
16712
15338
3928
11293
19057
16527
5416
999
4774
14422
16517
9571
6269
14514
19150
19915
14556
4750
4177
17173
5847
15559
7936
8353
16807
15887
11769
13690
9834
12281
5931
10476
12374
9642
4279
14118
4651
9443
14802
10495
1836
13929
18300
8139
1148
14920
3907
13431
3385
19016
10346
9743
3860
19907
12685
2268
16225
11149
86
5994
219
2522
754
13028
11021
19519
15954
1434
19266
15862
13164
8729
8166
354
10560
14938
12110
18828
6691
12618
4735
13758
1763
3834
7421
4682
1798
12764
17928
9199
17094
11392
992
19155
4901
16490
115
579
14237
16360
10610
14993
19776
184
8940
5621
19714
162
4305
12655
565
17805
19162
12494
18753
3140
9645
7474
9388
550
2034
13773
10173
12321
12549
963
2582
16788
19415
4980
1738
1941
14755
15436
703
12498
15978
19491
5038
3644
7897
7329
18336
12071
17263
16941
13007
12219
16388
8450
4705
9793
15084
9919
12353
14038
8225
7034
14827
3377
2381
1582
7961
19128
14752
19657
17645
4852
10342
11578
11436
11138
5503
2345
1504
15014
13283
12314
15711
5774
15796
1514
4593
17499
3340
18761
1910
7268
9494
12528
13096
9477
3740
15034
5568
5961
6153
9361
16874
18692
8299
18918
15981
12590
1780
3173
9840
7719
445
11438
4542
12623
3722
7767
17761
17223
19376
11102
5756
19862
396
606
9982
6835
19384
12077
1393
8350
12579
17127
10602
4130
11506
8272
6607
8889
5645
5544
12794
4249
7910
7583
16995
4392
19749
14259
19605
3136
19985
7444
8142
7576
11063
6015
130
19454
18692
13750
17835
14480
722
7097
5369
18458
17158
19945
7346
10866
19901
16335
12294
9864
16479
9561
17062
17967
1231
12657
3433
4561
3136
12194
370
10845
15283
9888
3586
11358
4745
18808
8245
18076
10209
8820
13331
14454
106
18771
12674
17532
15558
17928
18656
11654
14706
7226
6379
1634
2177
14068
9393
9733
2585
1993
16126
12716
14048
10937
10361
17591
15267
19007
17714
5115
1520
10608
3978
5806
2210
2210
1921
10780
3421
13933
9355
2056
3846
6035
8679
9963
3543
13945
19736
12700
7570
2110
3051
5428
12075
2492
19027
9251
12541
7454
2066
6079
37
3943
8351
12504
17796
8894
3491
9951
8059
3807
11907
12562
13452
16581
4732
1840
3474
16788
2375
17698
354
9907
18487
6601
9143
9090
17081
763
9660
2870
11767
7362
4442
8059
11767
18281
17130
6345
5759
17264
16509
16014
9616
19753
19068
13224
9232
9251
18762
2271
14205
4025
12422
11472
2348
6626
7073
12919
16312
16882
14349
12450
17526
7916
7517
11858
17823
9167
19065
2795
11801
13376
14972
9577
7584
19132
18264
12438
19343
11122
17254
12243
4227
15822
18696
5814
1690
1241
6525
16693
2993
14460
4506
12713
18633
5104
13198
19741
19658
17405
16799
13506
9585
17401
1371
11904
14108
6462
768
14472
7625
15436
8061
4365
13806
6387
2608
19803
4018
16710
3858
2668
14642
1074
18927
3745
8088
19407
3949
16262
5501
2754
680
12425
7245
19718
16762
4355
19180
12968
17724
10246
9055
3137
12913
8204
17919
8547
9940
5462
12491
311
7544
6210
13122
6815
2480
7142
10298
15831
16542
18410
12385
2626
18818
8504
2684
14773
8022
4487
4796
8342
5979
11815
18082
18980
16464
3177
14361
13900
1483
9943
19359
124
4165
1792
4408
5001
2363
14446
12717
8534
8401
3526
2171
1220
2969
1575
14071
6546
6082
9533
17512
6904
7915
7228
10393
11065
3707
11009
15507
3948
10948
11590
9326
12535
9649
16649
19016
3176
5931
18378
15531
15023
3257
2968
3962
9329
1822
9393
1069
831
12692
7296
10259
5779
3467
15411
9016
8587
16304
9119
2804
6514
19789
5514
3800
2407
14387
1477
5381
16820
3255
19519
16141
17218
12340
986
6216
3356
16161
741
17754
16613
14245
14791
18783
19539
4344
12462
7265
19323
14618
18459
8230
15413
19923
14419
7335
6591
15189
459
11151
10636
1238
1326
16307
1548
16818
10985
13881
19901
13839
8553
11401
492
12190
3256
1287
2008
2298
299
6641
17019
14685
7491
6836
15464
18616
13287
8790
4345
13793
2208
4452
13017
1972
4864
3517
17881
5533
5262
3222
6288
14655
11450
4941
10212
9295
13500
7785
12316
8199
4878
11207
3457
17133
2260
18054
6933
18189
18964
6048
13915
12543
2112
18929
8688
14305
13373
1962
10380
5503
7451
15348
1440
3908
17534
12800
4154
9998
1371
12159
6899
18100
14717
9576
504
14908
8329
8627
18507
10740
519
14611
8831
11497
8434
10799
741
9953
7373
6685
16470
13527
13766
13925
10187
1153
11604
18830
1189
3280
3597
9772
11892
5772
12230
18251
14192
2750
9873
17668
18820
14454
14646
12961
4993
275
694
3236
4027
14793
7345
12298
13592
303
2707
17550
18773
8676
12860
16014
2652
6866
13267
19182
5423
5470
8144
8681
5217
15774
19199
9528
13321
10635
15984
67
13759
7903
14364
17278
2998
10232
6882
11551
13387
11216
7085
7027
12795
11404
2680
12694
2580
18290
3357
6413
16751
168
9774
5809
12738
1217
16603
5875
9585
14453
1570
206
11665
16885
19204
807
9375
7349
19050
16064
8694
4673
12737
19831
16037
16185
2280
15754
14116
5173
8453
14084
8528
3530
4943
5761
13968
17788
8712
13688
424
18250
18548
15703
8636
11422
16935
16563
14168
12231
7185
10437
9748
1601
9153
14892
17757
8072
8551
11410
1279
4533
6201
17239
3997
12712
5648
19946
11406
17298
13175
14033
10752
4127
4871
2585
7434
10123
18721
19416
4153
14342
3064
4467
14165
17699
16317
5413
9746
12320
16460
409
9323
12224
8941
6365
9832
7612
4821
18083
1505
14830
19248
9545
8263
14851
15426
11961
18373
3072
5674
5403
9246
18801
9004
18032
2545
17945
2620
6755
16787
13674
13724
16557
8184
14536
14977
14213
16088
417
3613
13576
6444
16827
671
16599
6544
8888
5913
4947
1946
9711
13546
11220
4256
11843
3757
5442
16772
11412
14297
2351
15878
6572
17275
16498
9001
4143
2282
2821
14994
16296
720
15538
6934
300
18435
19391
17425
3137
18782
2084
6386
14998
4891
16018
11117
12245
9595
15937
15899
7120
18818
16207
17389
4351
777
13062
19740
16286
10394
16310
15464
14919
3096
2668
8698
18057
6221
5402
14096
12985
14727
10569
5898
13309
7309
6439
19947
15367
18391
11255
12861
11895
5383
5282
9592
11568
16329
9798
16371
16434
17751
5873
9963
6186
13753
1432
19141
2920
9749
10163
15046
4730
18319
3552
2437
334
13391
1915
14050
14674
5030
13294
2602
1325
1192
17582
4619
18854
11949
2315
6186
10553
15942
14104
2530
5459
14656
3274
8249
2708
5807
2472
3877
13595
19141
7285
6895
6294
5940
19014
3631
5699
1170
3608
16678
3095
16325
18784
4388
10642
9252
13493
9378
3565
16910
13682
15926
5009
17751
7716
11808
16619
10066
9122
11352
4060
13936
17871
15412
17037
19001
18595
11069
9751
17303
3950
10792
19547
11763
5948
10854
8583
8498
8413
7350
99
14480
2443
7677
2803
852
16545
10705
3423
16634
6736
6419
9499
16616
3263
13111
16429
481
18738
5835
12971
9105
2370
12919
7857
2371
13809
19059
16488
13873
19521
5630
16104
71
11501
13697
694
2543
18951
10516
6776
6286
14685
9713
6771
11519
17648
16108
17210
19390
12444
1967
11736
19240
6692
2509
17494
5363
14863
19912
6133
17624
9009
17786
746
12769
11103
5684
9
7821
17249
14536
61
6309
8805
2663
10951
11780
837
7240
5398
12361
1138
10771
14002
2630
16040
3657
16741
18895
14701
12994
13265
5347
15368
13942
5785
13118
6026
12451
10798
5727
3958
15237
14598
12974
8860
16835
17462
5670
14968
12361
5534
4433
6448
9519
9052
5961
16544
18577
16365
746
11270
12052
14840
17336
19089
1273
7742
9691
18080
2058
14531
258
1739
13159
13876
16611
5675
9250
3436
12361
18850
12182
8499
11668
15667
6834
17407
267
8479
19297
18321
2905
16407
15961
14566
2523
16480
1106
7585
12350
6670
16835
10440
9518
19604
9213
15873
10621
2767
3614
12349
13809
11314
5057
15088
7373
10662
4758
9594
2103
18548
3032
1707
9497
11484
16554
19287
2358
16846
10136
4079
2818
19832
13664
18655
2097
10484
5654
1309
4797
1283
9695
8243
1279
4985
8301
1996
13948
9948
5295
5169
15556
6067
7947
15650
495
4514
16813
15062
1685
3121
17537
3918
5099
5934
3991
5391
12360
7998
18518
3930
13010
1885
5579
2232
4352
6608
485
4157
4426
7880
15598
11836
3494
14222
7459
14778
1609
3958
7512
16778
19435
16058
2241
17099
2983
3456
6000
7556
4965
2583
10292
13230
14348
1078
8799
15727
19183
11077
6901
18493
14767
18466
8547
18692
8120
14955
14527
560
18663
9126
10553
898
17755
4281
2743
8124
174
3641
7589
5790
1614
14283
17112
15632
3957
13627
9224
14946
11861
17269
3173
6186
4053
8345
908
439
3890
17434
16852
11797
10481
16200
16522
15775
18288
14232
15677
2223
257
12969
12960
11961
6214
3939
18294
19927
14093
1928
15478
10467
1910
12927
3075
6978
8157
13589
10077
10236
8187
14503
10883
15138
19846
152
13931
2746
2365
905
1543
13011
11782
4267
17622
9487
15673
3685
9620
2954
9656
15535
8501
16195
9436
9616
6352
11585
10405
2213
6744
12416
2885
14644
4242
19887
7565
6376
11463
15121
9050
17475
4394
16451
10610
12728
9480
5665
2313
6667
9704
8023
13447
19900
14782
5695
15706
632
6073
7938
12755
3110
16885
15458
9010
5447
13751
975
18124
8498
8365
9309
3124
19983
1144
14628
16817
7587
15644
2972
19542
15045
371
17813
16971
14957
2479
1701
5167
19381
3867
7948
3118
8203
14839
18575
14606
8504
8094
6854
7538
7572
4779
5662
2881
6248
7265
10842
18212
8833
7968
8575
16166
5653
13023
9804
16523
1466
18115
4327
384
14918
19057
13939
15138
9809
4412
6450
1870
575
16082
14915
2807
13223
2602
18594
14579
11001
11666
10392
4376
17809
12774
14172
13993
10873
5320
14542
12883
10209
9299
2211
3757
10142
14406
8932
4754
6309
13462
13613
14165
2044
13192
17799
6764
11025
16217
5116
9491
10927
7255
13486
19290
8055
16237
9026
14036
11496
1424
866
1187
2308
13774
3621
11416
396
6345
4939
2802
3921
17651
5722
4858
8341
4501
11234
8660
10347
1197
14760
16546
9027
9766
12756
9071
18818
250
7062
11358
4229
14399
9969
19440
18803
18500
3906
10771
19540
18227
12457
6491
13361
4465
220
12455
7364
14973
9781
2030
8307
8830
13157
12081
8569
3473
18229
4170
5527
16343
11192
12195
18927
11760
17717
3784
19365
4731
17147
14651
8457
1182
5332
4022
18797
1094
18203
2910
1248
15033
1309
13639
19029
616
14186
1934
4428
1166
1181
8373
9819
17299
8884
1313
2704
4959
9876
11318
148
1085
8165
2079
17366
9677
218
19236
19770
19559
9642
1038
222
10806
16767
10645
10825
14663
9554
222
7222
12893
4130
5307
19066
16239
15008
9190
4321
2096
6049
3256
6016
11255
4154
17842
7409
18302
1964
11068
11466
18506
15081
800
15998
18646
9537
12029
4697
6001
16229
3781
4780
11402
13650
15038
16679
17613
708
11670
1660
7857
10876
1644
10170
3599
3478
7662
2517
5216
1730
4205
4652
1743
7106
17153
19439
5179
17935
510
3212
15567
18444
18062
2891
1057
5932
5519
17599
5683
10018
540
12466
15328
9453
2285
3108
232
2706
18687
1188
8378
346
14912
773
14994
751
8292
16905
19902
18169
9245
2804
17453
10191
11080
8094
10951
7236
4520
7260
12250
14402
14653
16677
10954
18462
2986
12673
5614
4365
11987
11238
1670
5175
5425
18105
6265
18870
15664
19527
5118
17383
14530
11365
1649
7469
14970
19515
13079
17644
98
16101
12627
2044
5492
892
19575
6466
4401
15419
16566
3725
8996
14083
14993
9079
12600
15735
17403
6610
11388
5294
9849
17539
19676
10298
11013
18255
14416
5939
7919
2300
17934
13391
16686
18512
16095
17409
4050
9608
7979
9656
14461
13163
4926
8737
14906
19270
17352
1807
2337
2914
6599
2573
17691
7169
10303
15879
18208
621
17170
12487
9888
11292
3784
4716
40
14367
691
12266
12230
14420
5486
280
1398
17045
15677
14714
1003
8427
8594
12749
18369
17985
6439
13532
7693
6311
15047
5182
8917
10420
7965
486
1314
3375
2512
14634
19039
6804
5272
16570
10952
9817
12019
6454
12480
11719
11345
8268
4121
14220
418
14789
17
14261
6694
9166
14570
8975
3512
19410
1366
1515
12284
3034
3654
5800
8671
14083
12192
17161
3451
322
16558
11642
18274
3912
12525
10312
1248
10411
1085
17948
1048
11746
6913
7720
9554
19059
1254
869
4728
17388
15139
18541
16636
14459
126
4690
11122
12465
7696
4444
1388
15783
18996
13880
13696
3653
6541
11999
16076
18868
12171
16855
2190
12690
14353
11506
9080
6875
602
19862
14174
2220
9859
5444
3638
7080
4155
12915
16386
9187
3027
10870
13104
13375
17273
17105
19063
19872
4203
4157
19594
3688
2047
9760
17085
14574
3505
3524
3135
1534
6308
18534
6155
7866
5623
16089
1925
10506
13463
5651
19496
10228
18753
12819
18166
6351
19738
4647
1065
9709
13445
10103
5771
7716
18460
16098
3033
12552
533
18808
11699
17454
9937
2016
15079
13236
4859
4165
6150
1076
9828
15078
13683
9508
1962
1956
17510
5778
285
10548
9161
4229
5695
9860
16565
9187
12636
16266
9063
7684
9996
5996
17717
7792
16323
11385
46
3020
12172
994
12456
11153
16386
13445
14324
13527
8404
13681
3401
10917
13731
9434
13053
9508
613
7451
3785
18208
6309
11868
9418
1060
3845
15282
10534
5851
16495
7844
16767
17692
10260
877
5917
19372
10775
5988
16593
2399
15839
5124
4265
1915
16925
17324
4517
7079
4573
18122
17036
3548
7154
19626
14681
13210
14802
15036
2074
19628
5255
18585
5979
1266
18485
15252
4705
9265
6640
16585
7678
6561
6952
975
11221
17330
2150
19795
16393
15731
2572
17145
15295
17296
10882
19323
4919
13768
19130
5065
18522
833
10528
9701
18588
12872
2963
9451
8674
5270
7698
9159
8691
8668
3815
6868
12599
7550
8650
353
15968
9584
10434
17512
252
14461
5619
9446
1462
3210
9029
4204
18849
14743
998
11515
7310
9957
10940
3378
18655
19357
7789
19755
6276
8873
19121
19129
5482
16752
5972
10502
7373
2278
1511
6691
1386
8830
11361
4853
9424
10049
9576
6411
6430
15565
6321
5528
6792
6038
19431
12187
7540
8585
5443
11097
9222
4067
3652
16723
3345
13504
2709
11209
587
14162
13426
16992
5451
9069
10568
7517
10808
6105
15313
2454
16393
13958
14032
212
17829
17103
19695
14140
1192
15028
18209
10322
3555
3541
18906
9825
13611
15641
12065
17228
2874
425
8244
8987
3607
2646
9811
1011
702
23
15268
2032
10965
2330
10229
8344
6485
17952
3952
8377
16353
9993
1696
850
1796
14828
3480
10076
5700
8489
12247
18125
10241
9133
5699
4524
18653
10275
17075
3675
9675
13912
8181
7369
2341
9225
11030
16049
9272
7147
5155
9536
2662
1588
18921
9693
11247
4568
6365
10519
12008
14250
12906
5463
19513
13107
12577
4540
7369
18785
14925
6982
18331
11505
10760
853
6296
15923
11434
17316
7206
18735
19298
669
15392
9843
16085
15155
5653
154
8271
17289
18114
7379
3854
5354
11138
7664
337
16575
3030
2730
5860
1242
10861
15514
16003
14961
7242
6208
11677
9802
17785
17310
13152
454
9115
6634
11856
9585
5863
8552
4467
228
10249
17498
5826
10676
17841
3273
1171
18837
15663
7394
3710
19454
19828
13727
9818
3994
14038
5703
1674
4092
3597
2703
15132
19301
6178
5673
9866
14303
4627
10077
7640
5689
11358
18446
2301
5132
16365
8195
12685
5861
6296
16032
1772
2635
11731
12175
10901
553
5674
3789
4492
6631
358
11695
4186
5994
6425
15695
2727
14237
13353
3553
15995
11617
19479
6393
8970
13518
12810
16463
319
15680
7840
17300
12859
8975
18107
14075
941
14142
7085
3875
2994
9534
12583
9421
1764
14787
11944
12899
18221
857
22
1732
12352
8072
13265
13381
11400
12620
10392
491
18395
1091
3280
18267
1805
13788
1123
4525
1983
7804
10073
19606
8732
15058
8836
11252
10913
18971
10129
2071
8875
5169
307
16505
18403
1237
16535
3311
3875
18947
1569
9771
17219
17149
17388
9963
1609
16716
10100
8827
2551
8239
19185
9388
17553
15165
7296
13350
10854
18448
8276
974
14907
2140
19352
16904
6535
11399
2594
2158
5445
4324
4041
15767
5111
1477
18614
18421
4731
4633
16401
11965
7841
4103
19975
10471
7519
6626
15213
7488
1130
18301
12701
10712
10870
15126
1945
2769
12495
4250
4101
612
7453
781
6525
379
13648
9281
12517
1882
3097
16290
19358
8826
12659
5862
4752
1833
3908
7676
7437
19226
17324
19836
2873
2021
18702
18197
18086
18217
442
8774
1359
8920
14136
1136
13626
8696
16026
7440
14207
12227
2082
4712
12946
9166
6441
19017
13749
17636
8894
15027
6964
19509
19895
6681
11077
2495
15591
10894
16327
19128
6840
10023
2886
16512
10753
16913
12216
11106
9899
6814
16208
17724
17936
3373
13872
3020
735
16218
17254
11369
2169
1310
17559
180
15140
5046
5133
11560
3142
7954
8483
18698
5486
16826
16950
18661
16192
7771
9434
10555
9678
4015
8008
1471
14942
19070
16043
4771
14212
620
161
10112
4092
10687
3249
6881
2675
7609
4182
2531
6435
8570
19081
3235
4087
1534
8813
2853
1882
17435
18437
14399
10686
12678
18863
10816
16719
2106
10139
14167
5401
17586
12323
3869
9266
10525
19571
14996
18307
1817
11344
12515
10808
11523
2230
10709
18898
8410
18950
19234
15143
15011
19511
276
17439
3561
8690
12091
4303
16976
9572
8668
344
4840
3380
19661
8819
5216
18142
6179
13710
196
3488
10427
14110
6066
12505
13755
14206
17551
7995
2441
178
16389
1374
6171
2462
4467
6960
8800
17263
5815
8461
10408
4375
13397
15132
15267
5077
10720
19544
8849
3644
10530
3013
3917
17979
15038
1087
5762
11339
10614
7762
19820
15335
18610
15041
8612
11745
18487
13867
11923
29
7911
8378
15311
8176
11167
5770
2116
19156
9269
6625
8074
4103
16642
16053
4965
3420
8517
14062
10169
17786
16078
3222
5159
12502
9702
4416
4309
12024
2357
3760
17049
10110
7708
12726
7983
6664
15006
19811
13314
4196
12749
8348
8299
13767
12441
10907
19251
12928
9532
4837
13664
5613
19820
19771
16690
7900
2700
8491
17281
17414
7383
3128
1046
17770
5580
6187
3110
4491
3235
15705
18143